50 1085
0 29
18 2
28 20
33 20
28 37
46 24
30 25
35 16
11 24
27 41
12 2
46 37
21 15
27 45
12 34
47 1
30 9
16 25
15 37
33 25
38 0
7 16
3 14
36 12
38 28
19 5
25 31
10 21
15 28
22 18
36 3
3 16
22 19
10 17
14 5
21 16
47 37
48 19
48 5
13 34
43 10
4 26
32 21
25 37
5 15
29 0
40 18
11 31
4 48
32 9
3 44
28 3
19 32
10 27
14 36
22 34
21 43
35 7
22 39
21 47
26 29
8 3
3 16
22 11
25 11
29 42
11 35
1 17
28 31
18 10
41 34
43 37
30 26
39 46
12 4
20 37
17 4
44 41
41 42
26 19
1 28
29 20
25 15
23 28
37 23
45 7
44 27
3 10
27 33
29 21
7 45
44 31
27 10
36 43
4 46
17 22
15 47
7 26
38 41
7 18
47 22
27 5
5 36
14 43
43 33
21 45
23 4
1 9
25 44
8 16
11 42
3 35
8 46
24 45
35 37
15 6
40 27
41 35
35 12
16 22
0 21
3 37
41 46
15 35
9 4
30 0
35 14
0 3
8 13
33 3
2 3
40 33
45 24
10 15
7 27
33 47
29 41
18 35
10 29
22 1
5 34
2 14
13 27
1 42
43 5
36 32
7 5
36 38
28 13
9 19
3 34
37 11
21 22
46 42
45 4
42 47
8 47
48 12
8 47
11 23
18 4
20 46
44 22
26 47
22 36
47 24
13 24
12 36
34 3
16 29
10 1
4 5
42 36
42 26
23 21
39 46
48 43
28 2
1 43
47 25
45 37
22 1
47 48
45 16
38 27
6 16
16 32
1 48
4 38
44 31
18 44
33 12
48 36
37 38
41 44
5 13
29 40
30 19
17 21
21 1
32 46
38 40
23 27
33 26
45 13
3 30
12 30
43 14
32 13
47 16
23 41
33 5
36 0
43 29
39 18
4 47
3 26
5 6
39 29
14 34
44 8
3 24
7 13
48 47
25 23
14 38
33 11
42 24
13 18
20 46
28 48
20 13
43 28
27 0
48 6
44 19
9 18
35 4
26 39
13 21
45 7
2 15
25 13
3 46
34 47
32 43
2 16
36 34
9 32
9 31
14 4
21 3
41 6
10 2
29 15
37 33
45 8
47 37
39 48
45 48
45 43
46 23
5 43
3 25
45 13
5 30
15 31
41 5
20 2
33 34
1 29
30 35
11 42
0 37
24 12
23 24
23 44
9 12
13 48
1 48
22 35
17 8
30 8
25 27
42 3
35 21
36 35
37 12
27 24
27 5
3 28
4 35
13 31
44 9
44 11
31 0
48 36
5 10
16 27
26 33
11 31
23 34
23 34
2 6
33 40
25 34
35 14
26 2
13 5
4 32
43 18
2 34
18 21
38 29
16 12
40 41
3 24
12 22
13 39
6 13
38 20
21 31
6 33
43 10
15 19
29 40
25 5
11 37
9 47
34 7
9 34
4 20
44 1
7 37
19 41
43 31
20 16
48 18
38 13
43 13
43 30
19 9
15 14
8 3
28 35
7 25
43 42
28 16
30 2
2 41
27 26
20 34
30 9
2 32
33 35
14 30
1 9
43 1
11 34
33 27
22 23
13 46
44 31
34 33
48 24
42 2
43 38
21 12
9 22
42 7
15 3
14 8
39 24
41 40
3 23
47 7
19 42
28 17
24 1
27 3
22 18
46 38
7 33
23 47
2 1
43 12
16 32
30 13
8 14
42 3
33 24
18 30
30 39
18 34
30 48
10 17
20 19
48 23
28 42
25 44
48 25
1 36
23 5
7 45
20 11
20 24
48 31
5 10
41 24
7 2
16 1
1 45
3 12
37 17
20 42
16 29
29 4
21 36
10 8
31 6
15 31
3 48
43 16
7 4
14 33
10 6
48 2
22 20
25 0
16 12
6 47
41 21
13 37
15 17
39 7
19 30
44 36
0 23
22 43
41 47
33 9
39 18
47 9
36 43
7 27
9 6
33 32
44 40
40 24
28 22
0 35
48 33
20 22
42 7
19 37
37 10
21 28
25 8
28 17
15 48
21 41
16 36
43 44
37 29
33 41
1 27
5 46
17 35
37 39
38 46
17 0
48 8
12 47
34 23
41 11
42 25
40 22
22 42
31 46
19 33
36 15
14 37
43 35
28 31
15 8
5 16
11 48
19 47
16 36
42 47
2 16
6 15
45 4
28 25
42 32
29 35
9 29
36 24
45 14
1 23
22 36
21 17
12 44
36 44
13 14
8 40
28 33
18 41
27 48
37 47
21 42
21 0
35 22
11 37
2 40
26 21
12 33
3 38
31 41
3 39
5 21
39 21
11 33
38 18
28 1
27 22
1 23
36 24
4 48
31 9
11 47
38 8
11 24
14 1
19 16
5 19
29 14
9 16
14 25
30 22
21 5
30 12
0 28
36 43
23 17
9 0
6 14
8 41
43 31
39 5
15 13
10 48
18 41
26 24
46 14
43 33
3 39
28 13
34 23
13 11
41 44
25 6
9 48
11 31
32 33
10 39
38 12
47 46
20 29
35 37
4 26
39 10
11 5
30 6
16 41
48 21
16 35
14 39
44 29
22 42
6 9
35 2
7 24
41 27
43 8
43 47
11 24
47 45
10 28
15 2
37 8
41 25
22 16
38 30
26 20
42 19
29 38
30 46
24 38
48 8
23 15
8 35
1 41
31 34
16 40
12 31
37 31
5 14
38 20
41 29
26 31
34 9
25 33
3 1
24 19
31 23
44 38
36 35
16 11
5 47
21 47
37 15
16 48
44 5
14 5
10 11
0 35
11 16
30 25
33 0
13 41
47 21
4 13
8 21
10 41
39 16
18 38
34 17
16 47
30 15
2 38
2 34
6 46
19 12
39 28
27 42
48 26
26 34
18 46
23 34
34 44
39 13
15 38
23 26
19 28
26 3
33 4
42 32
2 44
34 9
38 33
4 12
34 6
37 45
9 29
17 20
11 21
6 40
1 47
40 16
39 33
4 37
45 20
44 2
48 31
0 29
24 12
10 11
5 9
25 5
1 6
29 42
19 21
19 17
28 18
5 25
22 31
20 15
38 42
40 41
16 40
47 5
37 5
32 38
17 11
46 41
17 26
23 9
30 42
2 45
2 20
5 31
8 16
9 34
1 14
23 42
25 13
14 41
1 40
18 23
16 33
5 21
4 16
8 39
12 34
1 45
26 46
27 9
4 22
45 48
7 17
26 8
23 7
25 28
20 0
40 12
13 9
9 18
10 11
12 0
7 33
30 7
19 36
7 22
6 36
29 44
17 32
33 39
14 35
26 24
46 23
28 34
29 26
30 14
5 3
40 15
1 43
35 16
37 41
44 16
8 33
9 46
10 2
45 10
45 24
43 10
1 19
35 25
6 16
5 8
36 22
20 26
44 33
9 27
20 34
44 11
25 22
33 25
14 40
27 20
27 30
38 26
42 15
23 19
43 31
48 6
48 11
25 24
48 0
46 48
23 32
26 44
36 1
6 11
19 25
16 12
9 18
21 48
38 25
3 4
32 16
48 32
15 1
36 15
12 37
45 7
0 44
44 25
13 41
40 24
34 19
16 12
7 11
23 0
30 20
42 45
15 19
6 17
30 45
20 15
46 1
43 17
16 35
2 5
2 5
29 27
1 5
20 2
23 45
19 13
21 8
2 30
24 35
39 18
2 41
42 21
0 8
15 40
22 41
20 11
22 0
27 24
18 2
25 19
45 37
36 32
5 4
26 35
6 5
30 36
30 45
42 14
2 34
44 31
5 45
32 4
19 47
32 13
29 40
3 48
32 6
36 24
36 33
26 29
11 17
14 15
44 24
5 27
31 38
42 10
4 16
26 17
18 13
6 0
15 28
46 42
46 32
34 23
39 29
47 22
10 45
43 2
33 18
36 47
21 6
24 0
45 9
10 45
22 14
15 41
1 5
1 37
25 1
48 5
33 23
35 24
38 14
42 29
25 21
2 5
48 24
1 38
25 33
38 42
32 22
3 0
31 47
34 41
0 36
1 12
41 34
24 46
37 34
33 43
8 28
7 5
22 40
10 26
17 24
21 24
22 32
11 10
44 8
41 8
0 9
24 6
37 15
36 8
2 43
30 27
25 41
4 7
2 18
41 37
10 18
31 23
9 31
29 39
32 45
24 15
23 6
8 0
45 46
2 15
11 32
27 30
9 13
17 16
1 42
43 2
29 14
32 17
25 45
10 0
39 24
42 47
9 11
42 9
23 38
9 38
14 36
7 11
31 16
3 35
46 5
24 26
40 25
11 36
31 44
11 14
25 1
8 46
1 36
26 38
28 16
46 42
36 0
21 18
22 37
23 13
30 23
15 12
6 27
15 9
41 14
35 4
25 14
20 17
14 35
8 33
47 34
30 41
11 34
32 7
17 30
39 36
20 22
27 44
38 26
48 1
38 47
26 37
30 48
0 32
4 41
17 28
20 40
11 2
17 30
15 44
39 38
9 28
24 45
21 31
17 38
15 27
32 30
44 35
22 27
0 27
42 19
2 23
6 10
6 34
39 19
12 47
6 37
17 45
46 35
18 14
35 23
20 0
24 30
44 21
3 16
0 35
27 31
39 16
42 19
32 22
46 24
3 42
28 0
16 18
31 45
17 37
5 28
5 35
3 13
18 6
25 37
29 9
24 42
37 29
43 7
26 3
32 20
44 42
41 38
25 2
19 45
17 29
39 26
0 4
25 1
3 8
7 32
15 43
46 38
3 2
6 43
26 45
30 12
32 37
46 38
33 44
19 22
33 14
27 29
31 11
48 36
42 44
8 9
46 40
34 32
31 1
15 10
15 25
28 2
24 46
39 1
39 38
39 38
9 11
30 36
