100 156
0 32
77 49
54 20
32 38
6 66
30 70
5 47
71 56
91 63
30 58
35 54
91 78
11 69
81 29
8 35
63 72
61 92
27 86
25 91
81 75
12 3
62 35
23 29
78 38
62 20
35 69
94 24
67 59
85 73
45 11
46 22
29 33
14 65
78 86
30 33
66 37
24 90
89 82
85 97
50 39
91 40
42 53
42 89
83 37
34 44
43 83
27 73
21 43
94 65
86 47
1 80
34 31
61 82
82 25
8 21
85 8
14 34
18 36
87 23
86 61
66 69
6 33
59 35
56 74
29 61
12 20
75 94
61 86
67 73
33 1
3 79
46 90
29 13
58 18
48 30
93 57
18 31
32 21
76 21
92 58
9 42
25 34
9 25
82 0
13 63
74 54
76 13
31 93
69 73
47 33
44 87
36 30
80 21
87 80
11 67
9 37
33 43
81 98
33 2
0 58
45 72
84 39
9 56
91 40
46 17
17 52
29 38
31 80
78 96
4 26
9 64
78 51
96 63
76 9
96 36
20 78
87 59
38 66
77 82
6 13
31 75
87 82
36 8
3 48
30 3
33 83
77 95
42 84
61 43
3 55
36 71
29 96
34 20
20 36
78 46
88 53
46 47
95 79
71 0
67 14
66 7
47 52
22 41
51 25
3 29
7 83
38 0
45 66
16 82
10 76
85 52
84 25
87 75
32 79
42 21
40 13
