20 111
0 11
17 14
6 11
15 7
2 18
3 18
16 3
8 3
2 7
0 10
14 16
5 7
4 0
0 1
16 15
11 5
8 10
14 8
15 17
13 5
13 7
17 18
11 2
14 5
2 12
10 8
3 18
17 1
1 18
6 2
6 16
1 9
12 8
8 16
14 13
1 3
2 10
4 1
15 10
3 17
2 8
16 11
13 8
9 6
16 17
14 9
16 10
16 4
18 8
5 17
6 5
5 2
14 18
13 1
13 9
11 1
7 6
6 17
17 18
6 5
9 0
10 4
7 0
13 15
6 14
12 4
6 7
8 5
12 18
11 9
7 9
3 11
3 2
18 17
2 7
13 8
18 9
5 7
10 16
6 17
0 4
16 15
10 11
3 17
10 7
12 5
16 11
3 9
10 6
12 0
10 6
14 7
12 0
7 13
17 0
8 1
16 1
3 18
5 11
1 14
18 15
4 8
5 17
3 7
8 11
11 1
7 5
2 6
10 4
7 16
3 15
