60 1592
0 34
36 12
37 55
26 8
49 18
30 52
52 4
52 42
33 29
55 41
40 32
24 12
47 55
42 27
52 19
6 50
14 0
55 26
51 28
41 21
47 31
8 22
22 47
14 45
51 39
20 7
44 58
6 5
15 0
44 7
36 15
30 33
49 22
35 29
43 37
16 12
17 45
23 44
41 31
57 9
43 31
58 26
54 44
56 51
10 16
2 37
55 15
15 43
6 50
42 24
32 42
38 46
39 30
55 19
22 9
31 28
44 46
45 15
37 54
30 49
57 20
46 13
30 23
22 56
6 15
57 16
9 38
0 48
40 32
6 4
20 42
32 41
39 42
40 43
16 53
26 6
52 14
56 58
7 13
45 48
39 9
31 29
5 44
7 15
45 29
4 31
9 49
25 21
24 26
8 31
56 47
25 11
5 42
55 1
15 42
57 47
35 47
44 17
51 48
19 55
33 47
11 7
25 41
53 51
15 40
21 23
53 50
30 32
11 51
56 57
52 11
56 11
4 5
52 51
22 53
43 4
26 35
56 52
17 41
32 27
6 39
23 5
57 29
7 4
18 25
1 43
3 21
55 42
35 20
13 9
11 49
26 54
52 29
50 16
26 58
12 8
39 50
53 3
47 48
45 54
13 37
46 39
19 2
25 58
48 20
44 4
5 35
47 44
44 39
47 2
45 15
8 42
20 0
9 33
50 28
47 0
45 35
37 31
7 39
57 27
32 17
53 40
23 54
51 16
52 50
8 19
47 9
46 28
9 23
14 0
57 5
53 39
34 5
2 34
14 41
39 43
52 41
40 0
11 9
25 53
57 30
33 13
30 50
52 2
50 6
20 30
30 32
13 0
0 14
13 51
23 12
43 3
40 17
18 33
39 21
53 8
18 28
18 7
23 42
14 32
7 30
9 41
20 52
27 6
10 26
51 33
26 53
43 35
45 42
41 22
56 15
54 42
23 56
54 0
7 35
16 36
53 27
28 35
46 16
27 0
14 12
0 16
54 46
43 4
16 53
3 5
51 47
7 55
39 9
47 8
41 8
15 41
33 25
21 52
42 22
20 17
53 8
20 13
42 8
5 1
46 16
32 12
23 18
45 32
0 11
58 31
14 37
25 54
11 20
10 24
37 47
37 3
3 39
10 36
25 31
14 56
23 40
18 10
4 36
39 2
25 9
54 1
12 54
44 24
26 3
31 49
13 42
52 47
26 15
23 5
11 58
33 4
33 38
23 1
43 36
45 8
12 58
20 14
45 53
58 49
6 24
37 52
31 11
42 35
38 40
28 12
28 31
36 13
58 57
10 0
19 17
47 0
38 42
26 46
46 36
36 8
33 3
27 43
25 49
52 53
29 57
34 6
38 24
43 45
14 44
34 27
35 21
8 57
16 0
22 5
7 55
57 2
35 20
44 40
7 37
44 45
50 29
10 12
54 15
0 9
33 19
49 27
15 2
41 34
26 24
7 12
14 51
10 52
25 12
23 55
52 20
47 12
22 17
56 12
22 36
32 15
15 14
50 42
40 3
32 24
7 3
7 29
3 4
5 34
29 46
7 2
21 40
4 49
16 46
47 42
13 12
56 4
42 35
33 50
48 2
0 18
0 31
21 39
34 15
54 6
54 47
45 28
2 57
15 32
22 42
27 20
46 14
57 0
15 25
46 26
29 26
39 49
47 42
40 35
52 26
15 39
9 37
5 50
46 33
28 55
10 19
1 2
6 54
39 3
12 11
8 13
50 38
3 26
34 56
40 29
27 40
54 14
47 2
25 35
35 19
10 56
55 38
35 15
12 20
56 34
6 57
39 41
28 10
32 45
40 9
51 4
42 13
0 22
18 37
29 58
24 41
41 10
30 3
34 11
2 44
43 6
16 2
12 35
25 2
23 57
43 20
37 48
21 41
45 48
21 55
27 0
17 0
55 51
51 21
21 32
29 15
33 5
29 6
2 16
33 13
27 0
37 20
45 50
8 19
28 20
25 39
42 45
36 10
2 35
33 38
44 46
6 18
46 20
29 11
0 15
24 17
16 49
1 31
19 48
24 47
1 49
11 50
58 17
41 52
6 44
55 26
0 34
56 37
39 57
23 21
28 39
33 43
39 7
1 23
27 41
12 58
43 26
32 26
18 22
5 24
37 27
31 6
42 25
21 45
5 25
8 17
52 3
31 27
15 6
8 47
8 51
36 8
14 41
25 39
26 44
25 6
35 30
48 7
31 30
2 56
42 35
54 33
30 17
47 31
21 19
26 58
36 8
51 12
38 7
8 27
22 6
4 20
38 35
52 33
15 34
39 29
12 10
19 36
51 5
19 18
16 20
15 52
29 13
40 21
4 53
2 21
25 57
39 12
6 41
17 45
44 54
30 48
11 0
42 29
23 5
42 21
8 25
27 22
23 18
43 44
5 25
25 34
49 12
46 6
13 11
41 42
30 54
25 0
54 35
3 25
1 30
8 7
0 8
25 58
17 0
7 25
21 22
56 36
2 56
32 17
44 22
42 1
40 22
25 34
58 15
41 30
9 26
19 48
39 45
22 9
46 44
49 1
43 31
13 52
56 1
50 21
41 23
50 30
46 8
24 33
23 18
15 40
54 55
21 55
43 20
36 42
36 20
53 5
35 32
30 49
35 32
54 15
47 15
43 9
32 14
38 29
1 27
31 13
49 29
58 15
34 44
17 39
0 20
9 8
42 47
39 52
20 58
6 55
46 58
46 25
27 20
38 32
21 24
50 40
25 16
25 13
57 33
47 57
6 46
24 34
57 30
14 17
2 49
37 56
56 57
1 16
57 4
32 37
33 27
49 35
23 39
36 42
58 21
28 43
10 47
16 50
37 10
40 27
28 16
46 7
57 51
31 35
36 51
2 11
50 31
3 34
8 21
9 13
18 20
19 20
46 55
58 33
50 13
52 16
39 25
43 54
57 3
3 44
6 24
36 55
49 51
10 52
10 39
9 24
58 14
57 43
24 53
7 0
37 33
8 6
8 54
13 40
27 57
55 5
34 21
19 9
46 47
31 56
36 3
31 29
12 13
46 57
14 19
3 27
58 22
19 34
36 14
16 30
29 36
56 0
41 2
28 25
6 19
14 19
46 32
51 54
20 3
39 31
14 0
21 49
23 34
11 19
36 16
44 10
23 35
8 1
32 27
28 45
21 26
34 37
7 40
46 19
38 8
3 23
16 46
35 20
52 28
6 45
54 28
25 16
8 35
56 3
37 1
36 37
1 37
27 34
28 21
10 55
42 39
10 43
13 20
43 8
14 10
8 0
35 15
58 42
9 43
39 9
42 7
13 57
32 7
16 18
20 7
51 16
50 3
9 20
41 16
39 48
27 30
58 2
53 16
30 14
28 13
45 26
6 8
44 11
55 51
37 34
48 43
52 58
34 53
23 22
4 14
47 49
45 29
4 30
57 12
48 45
9 12
34 36
33 1
8 39
34 57
19 34
4 52
7 8
35 36
17 14
36 7
47 54
23 43
39 56
25 38
50 32
50 33
7 21
3 29
16 47
38 41
26 48
12 53
43 16
16 50
18 45
54 0
37 13
13 6
18 40
49 20
38 53
2 57
48 4
22 42
8 20
20 8
52 53
52 4
5 17
13 7
10 37
35 3
48 1
26 15
16 47
35 43
11 30
57 54
15 49
55 20
1 42
27 43
11 45
9 5
4 37
21 10
58 22
49 4
2 8
21 2
24 43
6 40
20 55
56 19
54 10
37 1
0 48
44 7
46 12
55 20
2 10
47 39
9 42
8 28
48 54
52 21
17 52
40 6
11 36
34 31
37 56
16 54
19 8
1 34
43 46
47 56
11 54
47 55
19 43
51 48
32 4
26 52
27 33
42 28
43 49
39 36
25 0
40 29
52 17
58 47
9 3
19 51
52 28
44 30
14 4
47 40
30 20
50 0
18 15
2 11
52 30
11 9
20 18
51 10
33 42
25 53
49 28
43 22
14 39
4 30
19 30
21 2
56 45
15 40
15 5
49 31
16 53
37 51
30 7
20 48
33 15
47 10
15 45
23 19
38 12
41 51
2 45
43 28
11 54
48 49
44 10
1 38
51 43
40 3
10 8
43 7
27 50
50 56
17 1
36 52
52 0
37 22
7 13
30 38
50 40
27 16
12 7
24 37
11 12
16 19
31 54
25 42
54 10
13 26
47 7
43 55
21 8
58 53
7 40
31 45
8 43
13 57
36 43
29 48
0 12
47 18
46 45
10 34
18 31
47 11
2 16
27 0
21 30
1 6
31 37
35 31
12 46
23 47
37 39
41 10
13 10
18 26
21 22
30 2
5 54
17 19
30 55
37 4
49 47
38 43
0 38
22 46
40 34
0 54
42 3
28 19
31 45
37 16
26 18
14 34
28 3
33 53
20 34
53 27
21 14
53 12
42 36
22 21
52 7
27 5
54 50
23 49
46 52
22 13
29 58
24 16
25 11
20 47
7 51
33 11
13 21
4 47
13 55
10 4
18 0
19 2
25 53
27 9
19 54
32 50
4 27
57 25
15 54
44 6
58 9
6 34
58 26
25 48
7 27
14 22
58 51
2 50
50 6
3 48
58 17
11 36
23 43
49 40
12 0
12 27
1 29
46 8
42 1
43 47
33 58
48 9
25 28
54 44
30 25
18 46
25 57
50 38
15 41
20 55
20 31
26 46
13 38
12 7
2 57
53 23
30 58
37 23
35 36
18 47
20 2
24 58
26 11
7 45
18 55
33 3
6 41
33 53
54 27
50 20
40 25
52 24
29 3
4 45
0 35
24 25
35 16
55 56
42 18
44 19
37 53
37 20
19 10
19 28
9 6
56 5
4 6
35 54
19 12
1 14
57 18
50 35
56 52
48 0
17 41
5 12
56 14
41 0
47 25
43 50
9 24
24 21
48 2
42 50
12 20
43 4
5 20
11 27
37 13
49 13
42 16
8 30
14 34
50 47
39 18
37 56
8 26
25 38
12 36
53 24
29 17
17 54
40 34
52 14
46 55
26 47
26 35
36 31
55 35
45 49
58 57
14 11
40 22
50 18
48 19
14 24
45 7
49 10
11 27
6 51
49 37
18 20
2 29
22 54
36 29
56 11
53 54
16 42
19 25
11 44
8 12
21 51
1 27
1 19
36 51
10 7
21 15
28 15
46 41
57 41
31 10
38 58
27 23
19 20
29 45
3 22
55 25
30 41
39 30
2 8
30 9
41 14
3 19
3 25
21 32
8 34
22 56
44 0
56 24
17 30
42 58
7 0
2 30
8 31
30 33
7 0
37 32
13 51
16 39
18 39
27 25
34 48
52 42
39 13
53 5
29 54
56 58
25 38
10 30
57 54
19 25
41 51
55 26
53 10
52 26
38 45
6 40
21 36
12 47
9 12
14 13
39 58
33 7
49 45
26 35
6 11
37 18
53 21
32 39
0 13
10 8
14 18
20 18
38 42
47 20
19 46
8 33
5 0
39 0
27 49
15 27
55 46
24 21
26 40
41 35
47 17
36 42
52 48
50 20
12 56
50 57
2 43
48 24
29 33
22 56
29 30
48 14
34 13
34 23
10 5
39 9
11 19
45 17
48 29
31 12
41 30
16 39
48 19
20 25
27 17
53 55
2 54
33 9
23 28
14 8
49 30
48 55
32 3
20 45
34 54
9 20
56 14
48 52
22 29
33 9
24 43
58 18
49 43
21 24
14 37
27 47
36 44
25 36
6 28
36 23
43 22
2 54
54 27
41 11
14 32
49 18
9 53
31 5
56 17
55 23
48 52
34 53
40 35
43 6
43 27
6 23
41 18
35 58
54 23
23 22
32 57
42 15
5 51
27 50
40 1
28 14
52 39
56 24
4 49
9 25
42 33
20 5
20 57
0 35
3 24
52 30
47 7
9 0
42 19
5 50
39 41
28 8
39 24
46 18
22 50
11 57
13 20
29 26
29 28
27 58
9 7
11 3
21 20
57 49
6 47
22 57
34 25
7 21
10 30
54 52
12 0
20 33
48 25
21 57
56 4
21 7
25 11
47 28
13 47
22 20
7 35
52 38
9 19
19 4
16 45
12 48
41 50
9 25
46 50
50 36
35 38
21 37
38 37
54 24
52 31
56 55
55 26
51 47
10 45
18 39
35 37
53 51
42 48
39 5
47 36
23 21
53 26
15 26
31 33
47 55
9 31
4 53
22 26
13 39
19 7
49 11
44 31
45 46
56 26
22 3
41 57
56 25
12 48
29 26
45 4
15 16
38 24
41 30
31 44
50 44
49 38
43 21
46 30
9 22
54 20
27 15
41 33
48 3
31 25
39 33
49 46
23 37
58 13
29 17
20 6
29 58
57 48
3 38
13 53
25 44
23 3
44 5
26 24
0 40
26 36
32 34
29 19
1 54
8 58
51 58
15 23
36 53
0 51
3 58
19 32
20 34
27 10
30 37
57 55
51 17
14 16
39 10
35 24
27 46
37 19
12 56
20 28
12 0
34 38
48 22
9 10
33 43
23 36
45 5
19 17
15 37
51 53
49 2
10 53
17 39
8 15
19 35
44 11
38 21
7 28
36 3
50 13
18 29
11 56
57 9
24 12
7 8
15 2
31 11
5 21
43 54
36 20
57 32
37 36
33 34
17 7
35 0
54 57
41 46
22 54
42 46
25 16
8 5
22 33
27 54
44 23
43 13
53 20
57 22
39 27
22 7
35 43
1 54
52 3
18 58
9 36
28 6
50 6
24 30
28 12
56 44
58 43
16 41
38 17
6 16
30 53
22 11
24 56
29 27
12 51
56 39
24 52
3 28
34 12
42 54
7 57
36 6
16 26
57 42
26 47
0 56
20 29
30 11
20 37
26 13
0 48
36 50
57 46
51 26
38 48
20 8
41 29
8 23
20 2
42 8
17 50
4 33
12 17
15 46
10 44
26 39
17 52
25 35
36 24
5 37
43 52
51 19
49 51
2 34
47 53
33 32
1 52
54 28
21 39
35 2
26 57
31 28
15 33
48 58
16 35
13 26
54 35
38 45
51 10
56 49
38 22
30 8
46 38
32 26
36 8
30 40
50 43
55 24
47 3
33 38
30 41
41 25
20 35
47 33
49 30
58 32
3 51
39 37
17 28
8 13
34 27
25 10
6 40
51 36
4 9
2 58
1 5
19 53
57 53
