100 879
0 90
85 54
68 30
95 68
37 66
96 85
52 19
62 44
55 35
96 2
14 44
77 92
18 53
64 11
63 80
71 98
62 20
41 29
27 42
28 19
4 78
15 97
50 1
92 54
96 8
35 85
65 16
34 45
39 76
31 8
24 15
62 5
98 78
53 48
97 47
53 51
38 2
65 23
42 91
44 15
41 91
49 26
80 37
22 68
32 35
19 16
56 90
59 82
67 89
55 90
73 0
60 41
2 60
39 8
68 47
64 31
30 32
91 79
16 3
67 53
91 48
94 41
29 95
24 12
95 69
59 66
17 21
52 25
52 62
84 61
11 7
75 21
15 39
60 11
13 10
73 76
39 51
68 7
4 94
33 48
39 59
13 74
84 20
79 27
57 90
14 4
67 46
23 61
86 71
4 10
0 90
15 62
7 95
50 33
73 50
30 32
22 51
98 36
90 62
41 20
51 34
72 35
34 13
88 9
92 96
0 67
45 20
91 5
37 25
80 29
48 20
35 95
21 11
81 91
75 19
6 82
74 55
75 29
11 87
74 83
53 41
97 70
71 34
81 32
53 11
21 81
86 96
53 25
58 94
34 4
82 47
12 24
40 93
90 66
78 76
73 55
25 44
37 21
15 78
13 78
0 12
74 57
66 97
47 2
97 89
89 19
20 9
25 9
92 80
75 11
35 4
6 23
28 57
68 75
37 53
18 2
56 96
39 38
29 56
46 79
31 28
51 33
76 1
10 50
39 13
59 51
41 16
28 44
12 9
48 84
63 16
47 84
25 19
29 18
61 79
12 5
18 16
81 88
31 43
91 16
25 3
30 44
70 56
42 71
62 18
13 16
69 76
20 67
1 40
49 75
6 4
49 22
39 27
39 0
12 24
3 50
17 7
5 76
59 51
46 41
57 22
33 64
45 8
96 64
65 91
43 26
77 31
75 84
57 73
86 37
42 23
89 4
94 90
63 10
94 90
52 66
55 80
3 37
49 18
51 84
84 70
90 87
59 60
24 70
69 84
92 20
44 6
93 98
78 34
48 56
34 25
33 80
76 17
70 22
8 81
28 82
63 16
56 0
87 12
68 26
15 4
22 69
82 32
4 28
26 0
87 8
78 24
1 4
54 48
1 40
91 0
14 87
47 80
86 10
75 68
98 35
84 67
8 60
5 27
5 26
3 66
19 37
11 82
22 71
73 35
66 40
78 0
17 77
62 2
95 80
29 66
38 85
71 28
10 36
21 9
35 1
67 15
35 83
98 54
74 58
88 24
32 58
6 41
12 2
60 36
52 4
65 64
35 61
58 48
82 17
65 80
51 22
92 30
21 89
47 32
2 93
71 69
29 26
86 39
52 40
52 37
14 26
63 14
28 86
4 20
44 63
27 50
50 65
47 80
28 18
23 18
25 56
97 66
91 12
98 87
81 31
67 25
70 4
81 65
30 3
85 38
24 4
82 15
32 41
59 25
83 8
11 42
17 37
73 76
49 55
9 6
56 64
10 66
10 31
18 79
55 78
24 48
89 9
4 23
9 4
68 28
8 15
10 5
51 42
22 61
64 13
12 96
68 57
72 64
37 89
15 73
90 80
98 72
89 24
52 43
63 23
82 28
28 39
93 41
27 10
81 16
33 53
83 86
39 72
2 42
79 52
20 7
56 52
94 53
79 37
17 2
71 3
86 19
75 69
6 27
59 29
70 16
67 23
14 34
50 29
64 58
10 48
34 14
26 17
18 44
2 4
71 43
22 39
67 9
76 25
2 84
68 16
41 32
37 69
70 66
15 58
59 14
37 51
81 31
54 97
86 76
93 73
69 15
51 96
81 4
3 38
53 41
48 77
70 37
64 44
92 76
20 77
95 82
25 49
62 68
82 73
85 89
56 28
32 87
86 30
73 2
10 54
54 22
87 13
18 65
10 55
68 60
9 61
72 63
58 18
96 33
34 42
36 54
75 20
80 56
45 81
82 30
59 81
44 98
2 57
11 49
60 17
0 87
37 45
50 71
61 5
83 18
9 32
60 84
8 42
73 1
46 11
77 10
6 81
72 8
94 42
85 95
77 82
98 12
5 70
45 58
98 67
2 90
16 18
67 15
7 92
50 37
19 96
28 90
23 67
10 3
57 20
73 57
18 22
49 77
33 7
67 59
44 18
18 41
17 47
52 5
46 11
84 70
23 91
86 89
28 65
9 27
34 98
30 19
54 31
6 84
32 92
14 85
4 23
33 87
70 17
64 21
40 0
58 35
51 79
3 63
33 18
76 61
50 16
13 5
44 81
48 17
37 5
93 27
87 22
43 50
9 14
56 88
17 5
60 47
95 86
96 87
98 9
57 31
29 85
58 86
5 33
81 25
17 84
90 5
14 77
67 65
5 47
42 51
54 91
54 96
77 70
72 0
62 40
65 16
20 23
94 95
84 92
7 94
6 51
7 5
70 61
74 10
24 77
28 64
25 93
97 55
46 80
72 42
36 37
76 82
79 63
55 3
92 95
63 56
46 27
94 55
82 9
35 23
43 52
52 48
3 4
2 72
94 50
61 89
82 51
40 80
97 23
68 22
86 80
94 20
93 10
42 8
35 43
59 26
78 92
3 22
18 84
0 27
71 47
15 24
66 23
14 0
4 86
4 30
42 81
11 8
74 98
75 10
26 23
87 64
88 32
97 3
37 82
35 85
65 11
32 4
76 75
48 19
93 14
50 79
20 10
42 3
71 70
59 2
10 62
45 25
68 41
69 74
32 42
68 8
44 90
2 19
9 81
20 58
85 63
82 46
48 97
7 93
49 13
40 31
40 18
27 43
10 23
84 32
68 97
96 15
59 81
23 43
96 50
12 65
5 80
71 73
27 73
69 86
1 80
69 58
98 44
72 39
15 89
50 47
60 41
40 24
71 76
63 3
11 58
37 82
77 0
64 0
10 30
28 26
73 57
41 7
4 93
68 8
94 85
96 80
55 6
65 66
20 97
13 26
94 92
19 11
95 22
6 4
75 20
75 28
74 5
16 13
93 35
56 64
15 95
95 69
49 86
79 0
85 98
94 92
55 93
22 69
86 1
82 71
59 76
63 80
87 26
32 35
2 28
71 53
61 48
88 84
68 66
66 53
10 50
38 9
47 37
10 95
23 51
60 72
49 28
8 85
40 31
61 57
13 39
13 61
28 65
69 43
47 0
18 31
35 43
45 67
81 41
28 46
16 73
0 56
6 55
51 81
15 37
73 36
47 41
96 63
29 67
67 48
59 58
13 32
22 47
56 72
49 82
7 52
92 32
48 33
80 12
40 70
29 12
87 14
6 92
57 19
90 79
56 27
46 37
53 76
39 44
40 61
65 81
0 68
11 53
0 4
96 78
65 30
81 25
67 69
63 3
27 48
65 46
36 33
61 38
72 69
40 50
88 48
10 71
26 46
64 17
36 73
45 61
20 29
36 65
70 49
34 58
95 83
47 34
13 46
81 26
46 7
17 41
26 50
12 31
90 58
91 19
25 64
88 94
13 78
32 81
27 76
75 64
57 31
50 65
71 24
82 62
87 79
89 34
11 51
87 56
88 8
13 53
50 18
70 71
63 14
50 44
16 79
79 54
13 20
9 22
26 78
70 53
43 61
22 84
11 22
84 97
4 72
81 62
46 90
52 0
68 86
19 64
95 93
59 87
73 60
53 30
45 85
91 56
70 88
32 46
45 62
66 52
66 21
91 77
97 52
48 95
23 14
89 20
63 1
68 79
79 75
69 36
87 0
17 19
87 0
24 5
75 51
94 13
67 64
39 70
97 12
73 72
5 77
55 90
32 69
91 76
58 1
11 89
7 81
61 10
86 30
78 97
38 35
37 66
51 37
35 57
42 39
7 56
77 59
4 3
82 95
67 34
76 14
60 31
39 0
22 66
19 56
79 26
47 26
73 42
65 85
8 73
78 65
96 10
86 87
21 86
86 64
53 6
10 65
