80 2455
0 16
32 39
56 31
2 77
33 59
11 21
59 47
44 45
74 40
65 10
8 12
11 40
47 66
33 8
7 27
37 70
40 12
25 45
41 39
36 62
23 54
6 60
25 56
45 32
6 38
18 50
25 41
70 42
20 70
68 7
72 5
60 12
74 57
64 76
51 31
69 25
24 21
0 27
7 32
18 55
19 73
70 78
24 8
35 45
69 29
70 28
12 73
33 72
3 18
78 67
27 60
29 20
67 58
52 63
25 74
63 5
62 78
2 30
2 12
41 68
61 2
1 49
52 30
58 44
17 31
27 13
5 27
42 71
26 64
41 31
18 54
6 63
27 65
11 1
39 33
32 52
58 21
58 40
27 4
70 28
0 4
50 38
30 42
21 10
47 77
0 30
44 57
42 57
67 49
44 8
53 18
12 53
37 69
40 42
14 53
43 66
71 10
58 75
56 26
74 57
57 67
73 31
21 43
21 68
22 20
17 2
54 65
1 0
56 51
9 21
47 63
19 40
56 58
78 35
65 72
67 62
51 62
7 55
39 75
69 49
54 70
22 5
71 66
73 58
16 38
5 13
24 70
28 62
43 78
22 49
12 45
23 67
30 56
50 40
14 40
41 55
36 25
8 44
52 54
70 1
32 76
60 34
1 74
71 29
15 28
8 71
73 69
30 27
1 12
48 22
51 65
40 57
43 35
68 55
67 15
33 50
60 28
73 34
10 46
76 20
10 4
2 73
38 27
46 64
27 44
25 43
62 6
38 19
9 17
25 9
1 29
33 22
27 70
36 5
0 26
35 2
43 36
67 4
71 19
17 46
10 50
63 36
75 54
60 77
21 49
7 67
20 72
50 76
57 29
9 42
17 58
23 60
73 67
66 38
64 73
31 2
39 44
3 10
4 24
27 35
3 61
10 42
0 38
51 11
25 33
45 32
68 70
0 44
59 39
23 73
52 43
48 33
40 56
16 8
46 65
26 4
75 7
35 0
15 5
46 51
33 35
9 10
33 60
2 34
5 63
8 67
55 65
42 67
31 26
70 59
16 77
27 45
66 63
34 26
50 51
41 36
44 34
24 75
73 59
3 77
71 30
78 76
14 36
50 41
40 26
31 14
59 73
54 68
74 8
63 55
14 41
11 21
30 56
64 28
42 53
8 39
77 45
12 67
14 20
21 7
54 69
42 16
55 7
44 28
43 76
14 29
48 13
1 55
77 3
63 64
70 15
4 69
23 49
30 69
23 10
14 67
0 78
63 37
21 36
18 63
31 57
56 40
36 42
58 51
47 68
31 70
51 38
64 56
1 25
31 62
37 45
73 34
12 43
71 67
65 54
52 33
26 48
53 77
31 21
44 68
25 60
38 44
45 50
10 77
22 15
22 24
46 41
75 28
31 24
2 47
19 61
52 56
1 24
20 38
68 77
63 21
11 39
57 78
42 77
25 68
3 38
65 1
51 37
77 37
9 63
26 61
68 40
3 20
74 33
32 59
5 2
60 68
27 23
19 27
14 30
28 3
19 34
25 42
69 76
23 14
26 8
52 44
31 25
47 76
35 18
66 13
52 16
33 6
69 72
39 71
41 75
75 45
65 43
38 21
68 26
75 34
23 71
1 46
11 44
57 65
55 25
22 18
45 69
70 0
33 48
16 38
28 29
42 12
1 59
30 13
16 58
12 9
76 49
55 60
4 58
31 41
7 70
4 41
66 76
63 7
42 13
54 51
56 30
43 21
25 48
29 33
74 22
19 20
10 2
72 49
20 7
12 52
50 58
35 74
4 72
65 41
18 20
20 5
66 54
44 73
16 71
1 42
76 39
19 50
3 17
56 55
74 22
21 71
6 29
72 60
19 54
9 50
45 52
29 69
39 29
56 4
23 74
11 14
1 50
7 67
49 78
22 17
65 71
38 63
7 11
35 74
77 0
64 8
64 66
20 78
73 72
78 39
17 13
58 35
44 38
64 54
53 70
9 76
26 64
51 35
18 59
70 65
63 40
73 34
78 77
44 64
17 24
31 6
54 46
45 62
37 66
4 49
14 7
33 2
52 69
10 53
11 19
12 9
55 6
5 51
39 33
2 6
40 52
55 48
17 47
42 48
1 61
8 37
61 42
26 47
21 59
27 58
57 21
19 43
4 19
8 12
63 6
11 74
74 48
71 75
14 68
43 14
13 64
72 56
49 64
58 2
54 2
75 68
40 31
53 74
41 65
5 29
28 30
20 44
7 5
43 38
12 33
50 16
78 75
19 34
34 36
74 23
51 34
59 10
50 48
43 66
52 43
29 34
65 38
74 53
11 34
74 4
46 16
16 46
7 74
57 0
63 9
4 72
29 31
71 56
71 68
33 55
63 4
76 10
37 3
2 75
38 12
19 30
67 39
65 0
68 16
55 30
59 54
77 5
20 61
34 30
57 8
77 76
51 74
46 25
21 47
3 14
44 30
8 6
5 43
52 45
5 69
22 3
71 17
37 15
38 59
64 55
31 52
72 28
32 8
1 74
11 15
22 64
2 39
41 62
5 70
78 61
29 26
77 49
21 40
70 44
15 65
24 11
70 56
21 69
59 72
27 70
1 70
77 28
46 8
16 35
24 67
39 41
9 26
11 18
29 54
22 18
32 37
62 66
63 26
72 67
78 35
62 5
4 36
50 41
64 1
48 52
42 53
66 30
21 37
35 4
5 2
11 52
14 42
58 30
13 40
40 13
15 5
24 12
63 29
76 3
76 63
7 29
66 13
49 9
72 63
69 13
68 21
12 20
52 42
30 37
26 43
49 75
25 21
34 39
33 21
49 62
0 10
58 63
52 59
47 34
35 25
40 38
60 47
19 8
35 78
8 29
2 8
68 75
35 32
78 0
16 44
36 48
66 75
36 75
3 75
9 38
73 71
26 15
48 4
21 19
9 14
66 32
62 8
65 2
44 20
43 28
16 4
74 48
52 26
69 31
58 62
70 49
44 65
63 49
49 69
47 60
56 18
9 5
33 0
25 65
6 71
18 62
40 50
20 1
23 4
60 54
26 29
10 29
44 16
17 43
32 17
26 52
40 56
59 17
9 77
21 10
51 4
64 10
71 49
77 26
78 27
38 20
32 62
16 44
62 68
4 50
14 74
11 31
49 19
28 7
23 8
18 12
45 24
29 62
53 0
35 28
47 2
45 55
74 18
68 4
50 14
8 27
49 74
34 59
62 24
27 52
6 8
72 56
61 55
30 25
51 61
23 0
2 38
28 24
65 61
42 58
33 59
49 15
64 17
10 20
71 14
50 23
42 66
16 13
15 21
64 38
28 47
38 53
3 50
76 15
10 14
67 73
19 25
0 56
32 69
57 17
73 10
64 78
1 39
74 41
50 76
13 26
68 42
29 63
71 33
39 2
34 33
27 32
10 6
49 22
72 11
22 54
27 43
14 12
46 7
20 10
41 30
66 75
51 67
3 70
72 33
10 34
72 50
15 13
62 31
58 38
30 44
26 38
46 40
55 24
23 43
36 74
77 6
5 6
64 7
54 59
32 62
11 33
61 0
28 73
30 56
26 57
55 64
30 65
26 30
43 16
49 39
34 46
6 41
71 22
10 51
51 69
16 36
40 18
71 38
52 53
3 19
67 33
7 60
45 71
7 29
50 18
37 7
27 4
50 3
48 28
25 7
56 8
26 30
53 22
41 7
74 44
8 67
49 60
74 60
6 9
7 36
41 59
19 20
53 11
22 16
49 19
60 29
8 76
61 65
48 47
51 0
17 42
56 14
74 73
28 8
49 59
48 51
56 53
63 30
3 68
24 5
50 29
75 1
72 29
61 2
62 19
71 38
76 13
42 31
70 73
36 20
40 22
13 41
49 68
22 75
46 28
54 27
20 19
1 2
77 71
20 31
75 26
1 62
57 73
53 54
32 63
33 69
59 50
12 46
76 24
67 20
70 60
25 66
60 14
17 11
73 23
68 31
71 68
36 6
40 48
13 4
42 74
72 74
53 58
59 11
2 6
5 77
21 7
60 35
71 32
55 71
27 78
28 68
4 40
76 70
38 7
37 33
34 2
14 1
11 39
72 34
43 31
7 64
38 22
73 29
47 2
30 47
48 60
16 66
54 39
62 32
44 57
49 27
4 75
55 36
10 36
71 43
66 18
19 50
38 2
40 20
65 49
17 38
23 40
64 26
41 13
41 74
2 77
74 59
76 6
54 1
46 37
54 9
76 7
24 3
72 39
35 0
45 56
76 72
76 21
42 38
23 69
54 53
7 2
24 9
72 78
49 75
24 62
71 8
64 19
47 30
24 48
71 40
9 0
40 59
77 57
28 14
16 24
39 78
70 2
8 76
68 2
2 5
76 33
53 38
7 72
40 41
63 30
27 66
73 68
23 0
62 31
40 15
69 41
44 43
33 31
68 64
32 9
3 35
53 48
33 42
30 5
56 68
44 22
26 15
42 22
64 46
34 30
56 67
45 50
41 50
42 30
31 29
7 29
8 66
43 64
5 12
40 3
6 8
8 43
74 36
27 41
35 36
17 52
11 59
36 27
51 18
0 21
25 52
25 41
48 52
42 58
43 65
49 22
70 39
3 27
15 44
75 6
42 46
26 38
25 71
42 28
65 62
27 44
7 46
50 23
4 6
47 73
30 1
5 6
64 39
61 62
76 51
15 12
62 26
73 48
74 41
45 24
38 55
63 2
71 24
16 22
27 62
34 66
35 24
55 54
9 74
40 5
36 62
51 61
31 20
62 70
8 6
71 18
12 15
49 72
14 39
27 23
29 32
46 71
40 2
44 71
19 62
25 29
73 65
37 58
18 59
11 64
61 6
55 63
61 6
34 70
54 78
31 72
35 33
57 48
37 64
38 18
22 24
15 75
74 7
8 43
20 75
31 36
75 50
2 4
70 3
63 16
34 54
29 58
39 37
44 17
66 1
11 68
10 40
15 78
4 36
60 46
54 64
50 49
39 11
73 33
64 72
33 64
66 10
48 36
63 40
20 48
26 54
0 7
61 77
7 9
9 60
61 58
72 43
58 25
68 33
32 0
57 7
24 4
24 30
14 48
13 53
34 44
40 64
48 51
29 65
30 21
21 52
65 37
3 42
43 72
24 7
37 67
56 60
11 4
48 54
67 10
73 18
4 47
34 4
22 70
27 10
44 37
1 36
46 74
31 59
39 76
62 18
72 67
68 1
41 46
42 59
22 78
16 11
31 2
55 63
76 27
26 12
23 72
36 3
73 47
24 25
17 1
37 62
2 40
37 3
46 42
25 37
58 6
55 52
29 5
16 36
65 3
27 1
76 15
38 23
40 10
20 63
40 60
15 9
12 45
6 41
71 33
72 75
14 33
33 31
27 71
13 22
69 78
10 78
16 2
62 27
48 19
59 38
52 29
43 34
73 12
62 51
13 0
34 5
56 28
29 27
41 4
10 44
38 70
15 49
1 61
62 49
32 3
34 69
27 57
27 42
37 72
77 20
12 62
32 29
1 12
37 53
62 52
41 6
47 9
27 35
73 59
70 25
77 38
56 49
18 47
56 60
39 34
60 61
46 48
65 2
47 48
18 51
29 11
45 23
27 31
13 32
33 43
4 68
10 9
7 53
9 36
1 37
64 59
28 39
4 57
49 52
1 2
75 57
62 1
41 25
54 14
57 56
68 17
57 27
13 48
34 70
11 30
70 50
26 33
67 24
61 69
61 43
36 5
27 6
54 58
56 32
18 67
30 12
61 32
32 44
7 76
78 34
18 75
20 68
58 9
2 35
8 73
28 20
18 24
14 75
73 61
54 8
59 42
36 58
23 7
67 23
69 73
48 9
1 30
11 32
27 74
72 48
70 6
41 71
15 14
54 40
30 44
39 76
10 37
16 56
50 31
60 77
59 53
57 50
6 8
4 58
23 17
18 69
38 53
17 69
17 9
0 43
16 71
28 50
39 12
67 60
78 72
37 57
74 49
17 60
19 43
67 75
70 18
36 42
47 13
70 8
27 56
34 15
22 6
54 15
77 63
62 30
37 59
26 13
43 67
12 61
29 27
70 53
73 14
23 2
70 28
10 5
0 36
17 22
53 52
72 61
42 56
72 9
23 78
60 65
64 7
67 27
39 25
0 26
48 1
55 29
32 8
58 71
21 76
44 69
64 1
3 39
59 30
14 33
0 43
18 66
3 4
77 29
7 8
52 35
66 42
53 6
12 38
73 40
24 3
32 13
35 63
40 43
31 57
29 67
75 74
6 31
35 42
66 76
43 1
4 47
7 64
32 29
26 61
35 62
31 71
16 32
74 37
5 71
77 3
53 40
14 54
46 61
28 15
74 71
58 56
63 23
34 14
8 46
54 7
61 5
40 59
55 43
18 40
21 65
10 49
2 7
9 3
63 21
32 27
69 30
21 41
22 54
26 77
9 62
59 32
5 61
17 36
34 11
43 35
58 0
67 26
13 52
20 30
77 42
74 53
62 14
54 72
50 13
9 41
52 33
52 3
68 24
70 14
56 13
6 0
40 65
49 21
55 9
1 19
30 31
42 11
11 30
39 19
28 0
10 21
20 48
45 40
39 49
5 66
52 67
48 47
20 71
36 64
61 32
7 57
17 8
36 48
74 21
77 28
7 11
9 59
56 73
35 36
1 19
34 59
71 9
48 67
66 67
48 65
74 4
58 43
42 61
35 30
8 63
45 30
33 32
25 69
67 21
6 32
72 76
4 78
3 30
44 37
51 49
74 38
47 1
66 38
6 72
51 47
8 59
48 67
39 49
74 3
27 26
25 21
76 41
30 44
65 61
22 16
21 57
35 25
5 26
45 33
38 26
17 34
13 24
52 35
17 33
5 36
77 22
13 43
68 78
36 57
36 74
41 19
42 43
63 8
75 74
35 37
77 15
9 11
26 16
68 67
26 71
2 68
19 13
15 75
40 56
66 33
77 16
19 46
36 11
72 19
57 66
73 37
32 3
35 64
40 68
72 3
76 72
9 20
33 42
35 18
42 32
6 50
3 42
56 41
19 47
66 53
0 25
27 57
61 77
19 20
16 22
12 65
34 9
10 0
78 74
39 44
68 40
0 74
52 6
59 21
58 48
17 23
15 73
15 34
70 35
20 17
34 5
2 28
70 25
37 18
59 42
36 17
41 56
18 48
18 42
57 8
57 65
14 28
58 37
4 77
26 53
26 21
20 15
78 56
30 43
38 55
48 52
33 19
14 56
76 48
14 13
55 2
20 73
21 6
62 29
36 10
27 40
42 2
13 0
45 78
43 71
33 24
64 17
2 52
17 53
22 72
59 1
19 68
58 33
9 56
60 29
39 10
1 57
15 5
12 30
0 20
10 33
51 32
63 43
31 4
15 48
45 64
28 11
28 46
47 42
72 44
45 32
59 15
76 65
59 23
22 66
33 76
43 31
56 19
20 44
3 28
70 72
66 60
1 75
58 31
57 78
33 60
61 38
48 52
55 36
30 65
27 14
12 61
20 68
23 45
26 23
26 9
52 69
61 39
52 42
71 17
77 15
60 32
21 53
33 47
45 44
2 15
3 56
12 48
69 1
70 72
11 13
65 17
40 55
75 5
12 1
5 74
17 33
14 54
67 8
22 33
16 34
63 62
68 41
4 57
38 41
2 38
15 1
75 30
69 29
32 74
1 5
35 69
32 15
22 14
76 74
55 22
29 66
2 69
41 1
46 21
49 74
6 69
49 64
63 56
60 24
76 75
18 29
57 78
4 71
8 54
59 16
50 55
8 70
40 39
35 25
45 73
13 66
72 24
69 15
4 7
4 66
11 52
42 28
21 65
3 14
43 50
68 76
20 4
53 30
56 57
51 77
68 26
74 52
34 78
28 35
34 69
76 29
66 4
5 38
71 12
75 30
28 29
78 34
45 51
8 75
59 24
59 62
30 65
77 71
71 17
71 69
43 0
70 28
41 73
35 75
15 39
23 10
4 48
39 50
8 68
24 19
36 67
78 67
2 45
61 75
37 31
17 45
32 13
29 44
36 0
52 23
72 53
10 54
62 78
16 70
73 46
9 6
29 1
1 67
20 46
13 28
60 58
76 64
5 77
43 25
12 2
31 59
33 25
73 53
55 36
55 53
62 38
40 9
46 76
15 21
43 29
56 17
51 44
35 1
28 61
42 57
31 50
35 41
26 19
68 15
27 56
35 6
30 56
69 38
57 41
73 59
2 18
2 11
7 46
50 75
4 23
60 77
16 17
27 24
46 28
16 21
52 35
61 46
7 42
18 56
43 49
49 36
76 28
37 45
54 57
1 7
60 51
44 26
14 23
7 48
39 14
18 74
39 51
40 61
7 9
15 32
71 52
49 20
26 52
7 38
73 21
28 36
66 19
15 18
71 45
43 20
73 40
16 30
60 30
24 74
69 26
0 50
63 53
12 29
74 5
68 5
22 40
26 61
77 47
73 32
35 33
74 62
47 36
4 40
52 9
10 25
13 63
75 24
71 2
40 34
38 47
1 12
53 68
8 55
50 3
59 36
33 36
43 50
36 18
30 33
70 14
73 24
67 14
18 57
14 30
54 18
52 71
30 51
48 17
48 22
57 24
53 24
13 0
57 14
10 65
21 49
53 42
56 0
71 58
39 0
75 40
32 76
69 42
72 41
0 44
59 51
61 3
42 30
64 51
8 63
66 23
63 40
70 74
46 63
44 74
15 23
51 59
23 78
75 7
44 6
26 1
74 59
63 9
50 45
8 59
19 50
18 5
51 77
47 38
26 61
42 6
21 33
73 22
36 0
14 72
77 13
15 7
34 38
54 65
69 16
10 23
54 38
76 23
76 69
41 19
34 12
24 12
73 50
54 19
37 15
25 54
74 66
1 9
49 37
63 0
30 55
30 8
72 58
1 61
13 64
60 68
62 78
55 22
55 77
10 53
54 4
0 38
10 44
5 75
44 54
55 58
26 61
51 77
4 26
27 69
52 25
60 8
57 59
22 7
6 53
71 8
56 54
77 1
37 40
23 50
20 36
53 28
4 0
20 62
2 23
73 29
63 17
2 71
68 76
26 14
18 53
60 57
15 51
12 73
46 69
60 30
51 29
57 4
70 36
48 55
26 42
1 60
67 24
53 47
68 35
30 69
62 58
15 28
9 44
45 37
36 4
76 31
68 74
4 67
55 56
69 63
63 49
62 51
59 78
2 49
46 40
33 27
48 55
73 71
50 1
40 14
3 27
64 5
52 59
68 69
68 48
25 27
38 14
50 78
56 25
51 8
42 76
17 35
25 77
11 71
45 49
16 40
53 14
59 54
35 7
65 59
32 64
37 64
35 43
71 9
7 56
67 70
51 13
21 43
9 48
33 47
9 25
78 67
27 59
13 38
27 63
58 4
68 15
26 56
17 74
77 45
50 26
68 10
64 13
59 69
3 2
59 9
70 68
75 17
22 29
10 57
37 2
68 65
11 7
61 21
30 59
51 22
12 23
54 70
33 72
66 64
16 43
65 7
17 44
56 34
29 65
45 30
9 22
20 34
13 52
72 46
43 37
10 8
38 14
71 25
31 20
11 49
40 49
33 29
3 69
33 74
47 49
70 15
17 76
54 52
73 31
57 42
60 67
11 15
13 45
53 68
6 42
29 20
70 8
59 39
9 61
72 30
28 46
6 20
18 25
2 32
65 21
62 57
17 33
20 50
11 77
65 24
20 32
27 75
52 66
56 1
67 78
35 49
2 71
47 43
46 41
28 26
49 75
63 1
73 78
49 35
62 53
55 43
51 68
35 73
65 17
72 69
58 43
26 70
15 12
16 58
25 70
7 78
25 27
34 72
18 11
13 49
1 45
21 5
78 70
10 77
17 33
70 76
31 29
61 44
59 2
24 33
31 15
2 67
60 59
44 49
66 5
73 64
44 73
5 77
1 27
28 67
40 11
17 7
42 13
2 30
69 55
49 25
66 56
14 37
49 32
59 23
60 43
77 50
0 21
74 25
66 46
36 24
29 0
33 18
6 52
58 16
19 32
53 32
4 76
64 55
41 51
15 37
53 14
29 58
26 59
57 43
64 56
24 26
77 57
50 21
25 32
60 14
42 1
62 30
14 24
43 39
33 2
9 7
26 28
1 28
3 73
42 2
44 51
10 42
20 21
53 70
38 75
8 3
28 37
12 21
3 58
46 19
63 54
47 33
8 43
70 68
12 54
46 45
34 21
57 24
45 71
26 33
61 51
8 74
31 7
48 21
15 51
11 52
60 77
10 2
26 52
27 75
52 65
42 4
48 3
31 57
36 29
21 47
21 11
76 35
18 49
51 10
7 57
46 21
48 32
17 71
58 45
60 14
52 67
22 45
65 34
5 57
76 27
65 9
7 67
66 42
65 36
55 36
69 4
30 20
38 26
15 68
55 2
30 14
59 44
11 22
41 7
23 11
42 62
35 65
27 16
22 3
73 58
7 0
68 51
78 21
24 50
0 22
40 61
45 48
59 69
42 64
10 49
51 64
17 29
61 27
39 43
2 9
29 37
78 40
49 77
23 65
2 39
15 2
19 9
24 68
46 25
60 9
21 54
31 20
56 71
3 24
53 16
3 49
40 78
32 4
28 62
50 48
50 13
42 62
36 40
13 1
70 21
58 33
22 25
34 52
41 14
5 6
51 49
13 47
75 70
49 75
61 65
13 39
46 32
63 42
57 22
63 20
58 48
17 62
9 41
70 52
68 76
72 5
2 75
39 38
4 9
40 26
16 13
30 60
30 9
24 33
7 10
72 11
44 30
37 45
18 11
59 29
27 23
5 18
7 35
34 71
11 68
32 38
46 76
14 40
5 28
66 64
49 45
20 8
48 78
1 36
53 58
76 21
38 26
61 29
61 47
66 3
75 55
46 5
15 12
8 12
44 13
23 8
61 64
75 29
28 37
77 29
14 48
17 46
50 60
7 72
7 50
33 38
59 9
5 26
31 44
9 45
44 67
40 11
44 32
48 46
66 37
0 56
29 18
65 36
57 36
61 5
55 13
44 49
4 18
32 70
67 56
63 76
74 3
58 77
4 35
23 72
50 49
