30 414
0 12
14 20
25 10
9 26
24 8
4 14
22 15
13 20
2 12
21 20
13 1
12 16
11 19
15 27
14 4
14 8
2 15
24 15
12 2
25 16
20 17
20 3
23 5
2 23
10 25
25 8
6 10
26 20
2 5
14 12
27 7
25 14
4 13
4 18
0 20
21 12
21 4
0 2
28 27
0 1
19 7
0 22
7 11
15 22
6 25
14 21
25 19
25 19
26 12
23 20
28 24
20 4
10 19
20 25
22 12
3 21
8 7
6 21
17 26
26 22
25 13
14 7
11 14
25 0
23 6
21 9
4 3
20 25
2 21
21 17
22 14
21 15
16 14
1 8
6 13
14 18
16 24
6 8
15 23
17 14
3 20
26 25
8 16
9 28
13 0
14 28
16 22
4 27
6 9
22 4
4 10
17 27
21 17
21 10
28 0
18 12
24 7
20 3
13 20
28 20
26 17
6 0
4 8
20 27
12 23
9 25
0 9
12 17
9 13
4 24
20 23
24 14
27 3
21 25
5 16
26 20
0 26
25 20
24 22
16 19
10 23
14 28
14 2
17 3
16 8
25 12
18 1
5 26
16 6
11 25
6 24
3 20
5 14
4 8
24 26
25 16
18 10
21 27
0 14
17 0
17 22
16 20
13 16
15 16
11 7
18 11
10 7
1 5
27 2
6 17
1 16
16 11
2 26
24 21
10 13
6 8
11 10
5 16
6 5
28 10
5 7
8 3
13 10
10 8
20 9
25 20
6 22
25 4
28 7
27 12
7 10
9 0
27 26
5 14
16 15
18 13
15 21
10 25
10 7
13 20
12 21
18 27
23 26
7 3
3 5
9 24
17 21
24 6
0 14
3 22
23 0
22 14
23 2
5 21
15 22
2 16
20 12
5 14
14 5
9 20
20 6
22 3
24 27
24 28
9 11
21 4
10 25
23 0
22 14
21 5
25 7
28 9
15 12
0 18
3 19
25 1
8 16
18 17
18 20
26 6
0 25
6 28
25 14
28 20
2 28
9 13
14 19
19 20
10 24
13 7
19 15
28 2
27 26
11 12
4 20
2 13
0 10
3 13
4 13
28 15
8 10
9 16
12 27
3 21
10 18
22 10
14 20
1 21
13 23
12 8
18 15
7 2
28 14
2 3
2 16
26 10
16 17
5 20
21 24
6 14
5 23
27 24
26 12
8 22
22 14
24 11
3 1
27 22
2 15
5 1
3 15
3 14
28 17
14 13
2 20
9 16
12 26
28 10
20 12
1 25
6 28
8 24
19 22
10 16
20 13
26 13
15 23
14 8
6 17
13 21
22 18
2 15
10 14
1 5
0 12
13 3
12 0
26 19
22 9
20 10
0 21
21 2
28 4
18 14
0 20
15 17
9 3
0 28
7 16
20 4
5 17
28 11
8 7
7 6
2 5
0 19
27 1
1 10
2 4
24 18
2 20
11 13
24 0
7 13
7 27
12 23
6 26
18 4
22 21
10 11
21 8
27 28
9 7
2 23
21 16
6 19
3 22
14 25
18 6
14 12
9 8
15 17
19 26
13 26
16 18
21 6
24 11
14 11
10 28
4 2
1 21
25 6
2 17
0 10
18 0
11 1
10 1
26 8
6 24
11 6
5 2
10 11
8 1
0 25
21 28
5 20
1 12
3 20
5 7
14 11
15 26
25 14
22 3
4 17
14 6
24 23
14 0
23 7
3 22
18 3
15 27
27 19
9 1
23 27
20 18
27 5
21 9
10 23
11 25
4 25
19 26
13 10
21 17
1 25
22 3
14 21
10 23
0 8
13 3
10 2
26 28
9 15
20 19
16 21
12 15
14 20
20 12
18 11
6 5
10 24
1 16
12 25
7 19
6 5
