70 2257
0 41
60 31
64 29
24 36
47 33
66 1
53 14
11 64
28 39
18 59
60 47
3 13
12 15
23 19
61 46
28 60
21 44
43 46
11 28
28 36
0 64
5 60
22 44
50 40
64 36
52 63
58 49
52 20
56 42
13 52
20 19
46 5
66 64
39 5
8 18
36 4
47 43
44 46
3 57
40 17
5 68
50 23
18 53
36 47
61 5
43 45
33 5
29 56
67 30
47 7
15 64
21 19
62 49
12 23
36 40
23 63
3 17
38 53
37 11
38 61
6 62
34 17
46 1
41 12
37 63
15 47
14 7
1 15
63 16
55 18
18 40
7 10
13 58
20 63
68 44
64 48
7 26
48 47
65 10
61 64
46 20
49 21
7 3
27 16
26 68
50 20
52 53
46 24
16 8
67 2
25 29
24 31
67 29
63 60
43 38
39 24
66 26
66 18
56 9
28 32
46 28
41 16
25 36
1 62
49 60
48 23
29 11
23 8
10 45
51 39
47 30
21 44
5 66
56 20
62 24
8 53
34 63
25 29
66 44
47 13
48 30
23 18
68 14
45 68
63 11
32 20
1 66
14 58
45 50
50 36
34 7
4 54
4 49
59 4
21 66
14 60
68 23
43 39
48 23
30 24
62 50
40 32
0 35
6 56
25 21
45 32
10 50
29 30
20 54
2 54
42 10
1 15
35 13
21 51
68 42
34 15
10 27
20 14
66 55
15 48
2 0
30 16
55 66
61 35
67 62
8 54
23 38
25 10
65 34
3 11
6 63
8 51
60 31
3 28
66 27
23 44
14 21
57 55
50 36
52 4
60 44
35 19
61 19
36 35
1 49
14 50
31 10
8 45
52 32
16 11
22 56
63 34
66 5
37 26
60 23
68 37
11 32
2 34
21 57
28 61
13 56
30 46
62 37
56 36
0 41
56 0
15 23
12 60
56 33
23 62
61 62
62 37
25 28
68 36
34 35
50 44
58 20
19 42
35 47
30 57
66 10
62 58
51 7
59 31
62 64
12 0
46 65
37 29
10 55
31 6
9 31
49 31
54 43
63 16
2 59
1 68
42 58
65 63
56 34
45 55
41 54
64 55
30 49
58 11
28 49
34 63
11 39
28 21
38 46
49 35
7 17
39 66
31 12
5 53
66 22
38 66
8 63
67 37
68 43
57 4
11 14
11 24
3 60
17 18
7 33
61 18
15 30
63 38
37 0
15 35
18 63
64 2
7 34
65 60
45 50
0 40
17 59
44 22
64 38
54 43
25 15
34 23
27 29
20 50
15 24
25 34
34 2
16 66
43 22
58 25
17 29
31 3
5 11
52 28
61 34
56 1
14 36
26 23
33 34
65 61
34 37
49 31
31 32
47 49
23 9
8 45
53 0
55 50
49 20
8 28
50 33
36 1
19 9
47 54
56 19
0 23
47 7
11 41
56 18
45 1
56 8
36 20
33 31
28 37
19 13
38 18
35 13
63 9
2 62
42 24
68 20
32 10
21 52
18 61
47 9
13 25
36 18
33 23
32 43
34 67
41 42
58 60
10 26
2 29
19 17
65 28
0 61
57 7
30 50
49 57
19 62
11 15
8 4
17 26
67 38
49 22
40 2
26 51
38 7
38 48
20 22
54 8
50 62
31 32
67 15
63 39
19 11
65 7
47 68
64 56
40 53
52 9
64 4
68 21
20 9
17 64
34 56
22 13
67 62
34 10
14 59
55 13
29 53
53 2
33 17
16 0
50 13
4 67
58 45
36 63
15 50
17 54
50 63
27 66
23 5
4 25
62 53
45 40
16 67
36 50
55 23
30 39
54 18
12 65
40 64
17 31
57 36
8 25
18 41
42 9
40 41
66 52
14 38
36 42
59 30
35 24
32 14
28 62
30 1
60 42
34 27
61 37
25 29
34 19
39 51
51 25
18 47
11 16
9 32
55 3
16 23
16 39
35 54
5 37
57 4
13 11
56 54
64 10
12 34
38 59
16 15
58 50
58 57
43 63
7 20
6 52
15 33
32 51
29 34
2 41
56 58
12 17
24 45
49 20
15 3
37 39
29 0
38 49
3 10
22 20
53 51
50 24
57 25
40 15
48 19
26 37
35 29
10 34
45 39
17 31
35 52
68 48
13 17
21 5
57 3
40 67
54 28
62 32
4 27
45 66
37 49
13 25
48 58
9 62
16 19
66 59
5 12
43 27
39 67
28 19
21 24
9 38
4 9
15 6
37 3
33 47
31 65
61 38
66 64
63 10
66 49
52 29
41 27
49 7
27 19
41 46
59 56
10 46
26 20
3 57
17 57
27 31
20 9
32 35
21 12
34 18
59 45
29 1
50 42
31 63
20 10
38 33
19 16
49 2
5 41
47 44
52 25
0 35
59 55
56 33
34 4
51 4
34 38
45 44
49 68
26 30
6 27
23 30
17 4
32 5
20 51
56 57
18 22
66 60
50 60
56 55
28 30
52 36
52 18
57 48
55 49
5 20
60 8
50 15
21 57
59 47
60 35
45 60
42 26
17 54
24 21
11 65
4 29
19 25
66 20
33 11
22 32
2 55
24 22
57 12
66 24
41 55
13 5
53 25
54 16
63 35
38 61
58 17
13 29
64 7
45 65
56 14
56 24
33 26
37 56
32 14
4 12
67 61
46 44
9 67
47 42
16 30
22 9
16 65
20 57
48 54
37 64
22 20
33 9
19 26
5 12
12 46
39 0
24 56
37 63
25 4
1 68
32 59
64 19
20 67
26 10
2 63
42 58
51 48
36 37
35 27
27 68
15 65
5 34
59 25
28 50
63 64
34 29
67 48
24 18
40 42
27 17
49 39
21 62
23 24
64 32
18 37
33 63
3 20
21 18
17 51
52 25
56 31
57 48
37 66
54 19
9 35
38 56
43 50
1 11
21 7
37 32
53 68
12 67
31 38
45 18
30 58
27 5
18 68
38 12
28 27
60 25
21 64
21 28
12 39
15 6
0 46
5 31
61 47
6 51
46 21
55 53
56 15
59 25
48 32
22 2
16 68
59 14
63 35
60 36
40 34
5 16
63 33
62 15
50 10
6 49
35 9
43 50
55 13
16 40
58 13
1 34
24 37
18 11
56 46
26 24
61 7
47 31
40 39
66 2
47 67
60 6
5 53
28 58
37 0
39 6
53 34
51 9
50 16
55 7
35 42
48 5
2 1
21 37
62 4
9 27
23 59
18 64
16 42
34 66
42 9
64 62
63 32
61 66
11 27
54 59
56 32
9 7
55 5
42 24
22 34
62 67
30 46
26 42
66 22
39 46
2 48
6 62
34 1
42 47
11 14
65 54
42 19
65 22
47 0
31 22
5 47
50 56
62 13
59 37
47 27
7 68
41 20
7 33
11 37
12 19
44 43
55 28
49 6
12 33
63 64
49 23
2 1
42 45
43 51
17 34
50 28
28 40
49 3
4 54
22 2
49 66
51 28
10 40
18 33
4 43
44 40
20 62
45 16
34 15
44 9
5 3
46 32
34 38
50 65
27 46
15 63
7 37
8 5
42 41
53 60
37 68
16 5
21 2
65 24
14 48
12 67
3 22
9 31
38 41
24 32
5 48
38 33
1 65
45 9
62 19
2 60
6 22
50 1
9 31
21 5
5 37
38 31
12 19
61 52
25 51
55 22
54 53
6 59
23 48
25 46
44 31
44 53
24 35
25 51
19 36
38 1
39 45
2 50
60 7
23 53
10 28
58 15
36 27
64 12
56 44
44 20
46 13
14 32
67 3
63 0
34 1
42 18
40 19
56 7
64 22
6 15
29 33
46 10
32 47
22 7
30 29
67 20
67 50
24 61
16 66
9 22
58 47
59 60
61 56
58 28
53 48
42 40
58 19
67 13
60 62
30 17
35 2
47 20
47 22
35 29
44 34
27 47
27 1
54 23
62 42
39 22
46 64
26 32
46 5
63 4
54 57
9 13
47 22
36 68
49 15
28 55
18 0
21 56
20 41
55 51
16 45
43 39
3 30
9 23
32 3
19 17
1 13
24 45
43 19
7 36
50 51
0 56
66 46
60 13
14 10
37 39
9 50
36 38
47 0
60 67
21 28
0 46
48 14
46 1
3 6
46 55
49 40
65 17
26 52
10 36
21 1
23 37
58 10
14 30
67 21
18 46
1 32
26 5
13 50
43 68
56 6
25 5
27 12
44 60
21 46
6 63
57 27
28 8
49 8
58 9
13 36
68 46
8 63
55 67
68 30
11 64
16 20
26 66
8 16
68 33
48 30
23 47
33 37
48 11
20 56
6 29
19 36
11 56
29 0
47 53
26 10
14 39
56 42
11 3
68 47
28 44
58 17
32 0
42 10
64 20
34 25
52 17
40 38
67 46
62 38
27 19
28 32
11 39
26 25
56 31
29 49
41 34
22 45
30 46
16 61
12 47
20 22
31 52
34 40
53 17
64 26
46 36
6 5
7 68
43 17
1 7
6 38
30 6
10 9
65 3
5 29
31 11
21 27
48 25
30 54
52 34
42 27
61 32
40 50
33 39
62 5
50 61
55 25
64 6
36 55
65 18
22 3
23 46
32 19
51 11
15 63
22 11
4 27
48 7
42 53
3 13
60 37
7 54
38 11
31 21
61 33
21 52
8 51
38 37
22 15
65 39
35 48
40 48
22 57
67 62
42 59
60 59
0 30
42 49
14 32
16 58
54 64
13 67
12 64
40 39
0 67
58 13
34 67
6 49
25 42
27 67
12 5
63 57
6 8
50 64
24 29
39 20
45 52
29 27
9 3
57 52
24 9
60 16
39 31
26 36
20 56
22 16
22 44
49 26
47 66
27 38
32 38
22 14
38 21
31 65
61 17
62 68
28 30
3 65
58 51
62 52
1 18
1 66
12 20
56 55
61 55
63 10
11 35
6 63
12 14
4 3
15 21
3 10
26 54
7 51
62 67
41 30
48 51
49 38
7 34
26 7
41 62
20 25
42 3
36 63
0 4
39 10
37 14
9 22
4 19
19 59
47 12
59 20
65 35
55 27
61 3
5 15
50 22
26 19
13 59
53 26
14 26
27 14
49 5
10 67
9 0
57 55
40 33
57 3
23 58
31 39
25 44
66 58
5 20
51 67
51 62
26 5
59 43
46 58
34 40
46 21
2 41
43 59
65 42
41 53
27 37
64 17
66 26
0 44
2 10
13 27
6 68
10 19
6 52
24 47
68 62
11 31
13 58
42 39
11 22
41 53
22 7
33 6
27 43
49 22
54 29
45 13
42 68
54 10
43 63
44 64
65 28
3 26
57 61
15 57
10 20
40 15
27 15
60 19
11 66
45 26
25 50
32 26
68 31
11 25
4 33
56 40
47 44
17 44
60 42
38 53
35 48
46 67
65 8
67 31
46 41
15 3
10 61
58 24
36 35
49 10
56 64
48 14
31 61
3 62
59 11
62 10
48 47
58 38
31 48
18 33
33 16
39 0
12 53
15 60
12 37
24 41
44 68
33 6
29 13
42 66
34 2
68 32
45 2
8 37
68 29
33 9
30 68
0 51
44 50
31 36
26 12
0 60
41 2
42 40
68 17
8 22
0 18
33 67
68 20
12 36
64 30
30 58
67 10
50 29
20 18
49 30
8 39
61 47
30 55
20 15
17 63
54 23
27 15
6 29
35 49
66 8
37 46
46 56
20 64
41 52
23 8
19 38
7 45
12 55
66 37
51 35
64 4
12 56
67 44
5 63
8 14
6 62
22 43
36 37
17 29
33 18
52 29
43 2
59 36
37 29
55 3
2 21
18 45
53 42
6 35
6 31
9 37
33 32
44 13
33 26
16 29
65 8
18 57
19 61
60 47
21 42
66 38
68 45
26 46
6 18
37 39
30 29
7 56
18 22
11 13
49 25
28 30
36 19
19 39
19 59
11 37
22 33
64 30
62 22
53 40
63 35
43 65
2 46
39 30
44 63
0 47
21 24
17 66
42 22
2 50
2 37
15 27
12 16
32 17
22 54
48 23
14 13
59 62
7 66
25 58
65 62
26 15
37 36
0 18
17 34
20 57
3 51
68 50
37 55
39 13
3 7
2 13
26 64
29 41
57 34
14 32
40 6
46 29
64 22
33 59
56 32
33 5
67 12
17 55
0 54
46 45
0 13
50 41
59 16
47 33
41 44
19 68
38 46
52 20
24 40
10 59
67 6
8 7
43 60
19 38
8 5
62 11
42 3
55 14
17 35
34 39
17 1
13 63
19 60
14 67
25 3
58 6
20 22
47 68
67 68
41 62
67 66
39 53
31 44
20 52
25 60
55 54
17 14
31 57
42 15
67 4
37 20
2 26
32 26
37 7
42 58
51 47
16 34
47 52
54 49
7 1
45 35
6 31
53 35
61 41
13 42
68 19
64 31
38 33
15 58
10 52
63 61
1 7
27 38
35 43
21 41
67 6
11 6
20 64
26 11
25 17
68 38
8 13
53 49
52 3
31 5
57 47
52 35
33 8
43 59
43 6
17 54
29 11
30 15
67 23
17 16
42 32
53 30
0 48
12 31
17 58
61 5
15 51
7 54
43 13
32 62
57 45
45 14
42 29
59 41
14 31
21 38
63 11
67 39
5 33
32 53
50 9
50 43
38 7
59 4
27 57
19 21
13 27
35 29
18 21
35 61
25 15
47 56
30 14
8 16
58 46
46 23
48 10
34 20
64 3
13 57
51 50
42 23
13 25
37 41
56 40
6 62
28 59
38 5
42 22
25 27
43 30
37 29
22 18
47 30
23 61
32 46
15 61
59 56
20 41
45 19
33 65
59 34
31 17
33 56
27 63
38 39
17 32
51 65
61 32
21 27
37 21
45 26
64 44
57 59
1 10
22 49
53 50
67 40
40 38
25 51
10 13
17 28
15 53
43 11
28 34
60 49
18 41
11 13
59 48
25 30
53 60
19 50
56 7
15 53
12 45
21 52
38 62
45 5
24 60
49 35
29 1
7 49
12 7
37 6
60 44
5 45
41 3
37 50
68 38
40 47
19 41
47 60
10 16
19 45
19 47
47 45
6 38
42 18
0 11
58 14
68 8
38 14
46 22
31 58
53 30
2 27
25 42
12 59
1 68
48 55
0 60
36 1
29 34
40 50
34 52
4 6
29 65
67 46
52 37
63 45
35 43
24 28
33 19
41 68
14 22
46 66
43 46
62 66
10 58
37 59
32 12
53 52
67 48
61 30
29 46
47 32
34 37
11 20
68 7
29 30
13 10
54 64
8 44
49 38
24 56
21 28
43 27
48 21
6 66
42 48
47 43
45 19
16 17
43 62
37 42
0 8
60 63
65 18
28 16
15 2
56 20
56 2
31 17
58 66
45 56
66 65
25 38
24 26
26 33
23 56
56 51
29 60
47 18
15 18
64 44
31 23
36 55
31 1
2 50
7 9
62 67
60 45
31 44
53 63
41 7
19 27
60 16
1 5
64 8
57 11
20 23
65 25
57 63
13 18
32 49
44 8
25 32
39 59
60 42
3 1
29 51
28 18
19 57
37 58
63 57
3 40
15 13
52 20
47 44
4 46
57 53
36 56
38 24
51 21
62 63
18 65
38 47
19 53
1 10
7 32
42 32
41 24
37 9
55 14
53 62
32 49
8 5
14 52
22 46
68 20
19 37
6 11
25 48
44 7
56 33
15 63
40 54
54 29
5 8
59 57
22 25
36 1
1 55
15 26
30 2
50 31
10 60
29 66
63 44
20 66
40 47
53 37
44 2
52 18
68 27
31 23
26 1
36 13
0 3
63 62
23 25
33 15
46 8
51 4
56 67
10 58
65 49
9 62
28 20
18 20
7 38
67 7
13 20
57 38
30 19
53 3
25 17
48 8
3 65
23 67
12 48
29 53
49 67
47 12
23 0
18 63
63 38
41 65
4 50
51 57
30 45
43 25
68 8
62 24
60 48
54 2
37 25
9 32
66 24
61 17
40 30
42 3
9 41
6 67
3 25
62 57
1 36
11 27
51 64
45 9
49 19
2 32
44 54
67 12
14 45
63 18
2 33
14 59
18 62
42 52
39 3
64 59
52 28
67 51
56 0
5 8
29 0
41 26
36 49
50 8
5 11
54 45
40 21
1 68
19 10
37 4
62 55
38 25
63 59
25 63
9 60
44 62
18 39
30 49
56 58
14 46
57 20
3 55
33 52
4 40
10 34
30 23
6 21
43 33
41 11
25 9
44 22
44 16
17 62
45 53
45 14
33 2
44 32
58 15
58 15
5 67
44 26
25 26
1 25
50 63
44 18
20 6
57 40
50 2
17 43
4 49
6 29
29 7
51 24
43 25
35 68
61 50
29 4
15 11
18 67
19 31
3 53
0 21
7 53
38 9
24 31
10 30
57 21
13 30
37 64
21 0
31 37
54 17
3 9
60 18
19 41
29 19
7 41
1 58
22 44
55 0
3 26
10 54
53 6
55 53
67 22
14 35
27 8
59 60
6 32
65 35
8 3
65 45
12 54
51 48
20 22
34 6
65 21
43 54
66 2
62 28
40 19
60 66
59 27
14 67
32 47
65 49
27 66
2 0
23 19
54 62
66 30
5 60
30 17
45 64
55 3
66 56
8 52
1 66
42 67
49 50
15 24
8 49
47 59
52 19
40 36
33 39
47 54
32 24
60 54
61 24
63 11
67 41
39 20
62 58
13 67
60 6
41 13
34 48
39 30
5 65
0 30
35 65
9 34
44 49
47 39
6 41
18 20
57 1
42 40
15 25
60 47
6 1
59 16
51 43
68 39
62 57
27 16
27 58
9 68
12 44
31 27
52 30
11 19
29 6
66 41
53 62
48 4
51 21
60 22
34 48
38 40
37 12
15 46
10 50
66 2
35 12
42 6
27 11
1 14
64 46
60 26
1 33
19 5
36 13
54 49
51 37
4 5
14 33
2 26
42 63
46 12
42 58
48 24
33 68
61 35
49 4
23 1
39 52
35 19
29 57
44 50
24 33
20 54
41 5
63 30
21 9
11 33
4 35
1 41
4 30
38 57
0 35
23 53
51 50
7 16
6 12
48 20
17 40
59 27
15 41
56 8
12 38
17 14
58 0
26 3
11 8
23 64
27 52
36 43
45 3
46 58
8 13
18 12
13 49
28 65
50 39
38 52
54 41
21 46
37 48
49 34
1 39
64 53
39 17
5 62
51 15
37 26
56 47
52 49
26 17
5 33
20 22
42 15
25 24
41 11
23 58
7 23
60 39
17 59
68 30
64 27
33 47
56 62
38 15
53 32
29 31
23 2
25 16
6 63
50 40
49 36
42 21
43 50
63 62
64 6
40 30
5 18
49 26
34 0
15 14
31 26
1 60
35 58
16 9
47 35
59 66
11 68
9 39
41 46
29 4
5 41
41 37
26 43
29 44
43 37
37 58
31 25
22 40
53 44
15 5
43 41
58 39
40 31
15 1
13 27
20 27
40 13
44 28
45 48
35 66
35 21
36 47
46 18
56 64
66 64
42 23
44 43
13 43
41 15
10 19
34 37
64 48
23 54
65 26
43 26
52 55
17 10
26 64
49 8
66 18
68 34
31 21
28 23
43 13
51 56
18 51
11 7
59 57
20 24
57 63
23 11
20 65
18 16
66 64
53 49
19 30
17 55
58 36
68 19
55 22
20 34
41 53
33 31
56 63
40 54
25 0
41 6
54 60
57 61
19 30
60 17
4 53
50 53
23 63
1 35
63 26
64 51
31 22
22 47
14 13
35 55
56 42
13 37
12 21
29 58
33 32
31 55
16 58
50 21
19 50
51 12
59 43
11 26
34 22
29 57
65 53
5 44
37 7
34 61
66 4
2 6
42 19
2 4
35 57
27 35
22 41
53 67
0 36
41 25
13 58
11 18
23 11
37 39
1 2
53 65
6 57
44 46
44 27
51 7
5 6
54 43
25 11
12 39
59 68
64 52
20 12
51 22
14 42
16 43
35 25
41 57
30 19
14 22
62 38
23 38
11 67
2 27
2 63
16 37
6 26
19 64
18 26
14 60
10 54
18 63
67 5
33 37
8 22
23 28
27 7
38 6
4 6
1 38
43 66
13 24
0 58
12 38
7 12
16 23
35 52
43 3
34 40
2 54
29 28
15 24
0 23
12 41
32 3
9 15
20 16
2 23
35 56
32 24
