90 2568
0 21
69 76
16 73
58 70
59 12
19 1
88 54
7 15
57 37
32 27
41 75
45 58
17 63
74 58
78 67
9 13
43 65
77 14
73 39
70 45
18 85
87 50
44 34
54 30
34 18
79 41
88 26
29 56
11 27
14 7
32 37
43 10
3 1
20 63
15 80
25 65
57 16
75 1
74 12
43 83
27 48
53 66
62 29
52 27
25 63
79 23
81 33
57 11
0 50
41 83
29 82
67 16
68 43
86 37
20 85
53 52
2 18
3 17
49 73
47 24
22 13
41 5
62 65
62 21
73 14
78 74
40 84
28 11
13 69
5 26
45 23
11 56
39 49
22 46
81 49
55 20
80 55
41 58
14 2
73 34
83 5
87 26
49 74
45 70
29 55
47 39
21 43
9 64
71 22
88 52
32 54
81 69
85 86
55 33
74 79
17 23
66 21
27 86
70 27
76 73
59 30
41 5
16 9
83 55
38 57
30 32
14 68
17 11
47 26
3 45
69 48
38 78
29 84
24 60
17 50
16 39
77 26
36 20
29 44
25 34
25 48
56 6
6 37
62 4
48 18
84 87
39 46
8 84
5 23
85 33
26 81
82 24
32 6
73 56
4 8
80 88
63 86
72 60
57 46
39 32
68 38
49 42
33 30
36 0
30 75
87 41
5 64
13 52
4 41
7 76
68 41
61 2
4 49
9 50
43 38
81 52
19 31
32 31
10 26
59 30
38 37
77 82
38 84
20 47
45 30
17 81
66 42
12 80
86 82
69 38
25 43
43 39
3 74
25 46
24 36
85 23
82 32
54 67
4 65
16 28
80 40
10 1
43 23
45 63
48 21
66 71
78 28
39 60
76 15
8 77
59 52
57 81
45 60
74 12
63 75
3 18
29 45
12 67
42 20
66 81
11 66
35 24
36 34
54 83
50 56
56 65
26 27
11 16
81 14
27 39
46 35
18 57
7 20
48 33
73 26
36 70
19 18
2 50
35 23
7 16
3 88
66 25
40 78
24 9
83 65
24 84
17 18
4 35
46 12
53 55
30 33
51 38
80 9
57 6
70 77
15 27
17 58
40 61
86 48
56 5
56 11
36 88
24 76
82 18
49 8
28 77
64 13
68 47
9 88
57 43
31 65
16 39
45 63
44 11
24 55
16 53
11 13
42 72
41 10
3 26
38 63
66 61
65 49
52 17
17 37
62 34
24 80
75 2
54 17
55 74
37 26
5 29
22 77
74 76
36 67
59 87
64 65
36 49
63 50
22 57
18 34
14 41
6 83
16 22
61 69
12 28
49 70
76 88
84 21
8 56
69 63
36 71
16 5
60 24
11 57
20 25
37 48
13 85
4 29
62 2
8 22
6 11
10 86
19 12
56 24
21 8
8 40
74 63
10 27
66 58
86 50
60 55
17 52
85 35
45 79
10 13
77 57
74 67
35 39
45 73
79 62
40 86
31 23
83 31
63 14
51 17
63 60
36 60
1 86
52 65
4 77
22 6
21 71
65 33
62 21
26 7
37 6
37 32
21 14
18 24
16 78
24 7
8 69
28 67
69 84
63 18
56 21
68 1
73 32
73 10
88 26
43 42
75 77
5 80
51 12
12 74
88 6
40 20
83 13
11 57
64 63
23 67
31 4
34 12
70 46
48 52
50 63
49 48
83 45
11 36
1 3
56 54
8 37
88 60
74 11
74 17
49 22
28 75
29 17
37 23
69 60
15 42
29 28
30 81
39 8
65 10
61 27
26 55
71 47
68 11
1 60
4 1
42 23
18 53
15 79
18 31
65 6
58 0
50 44
55 46
36 76
3 11
80 27
56 36
61 24
20 46
65 2
8 46
21 58
38 88
52 42
17 73
14 79
63 31
16 62
83 51
7 38
22 20
66 57
47 49
49 88
46 16
48 53
34 12
70 43
88 69
6 40
25 67
55 75
22 38
18 37
6 69
73 21
68 60
0 34
65 48
3 41
71 53
42 45
10 47
64 23
30 6
40 66
0 1
60 49
14 65
57 72
87 59
36 33
85 46
22 75
20 15
0 50
59 73
19 65
81 77
84 77
9 63
20 44
30 58
5 88
14 12
33 63
35 27
63 47
53 56
42 41
87 26
76 27
54 52
68 87
37 30
81 15
80 51
62 31
76 81
55 32
45 1
52 48
52 37
84 78
31 5
51 26
56 78
54 80
55 61
83 0
71 46
54 8
83 64
29 88
35 24
43 85
5 10
62 44
84 73
15 6
6 87
38 47
5 68
41 42
10 39
80 59
10 28
7 66
57 82
13 39
2 5
39 7
69 77
0 18
50 52
13 14
65 56
64 35
51 66
68 40
57 5
25 85
30 14
23 9
71 4
35 75
58 63
54 72
61 80
39 32
5 20
0 76
75 24
51 47
64 49
15 85
40 88
7 64
70 35
51 22
1 87
33 65
69 62
87 25
19 33
74 17
7 32
18 31
82 31
74 44
49 67
49 48
77 50
47 54
80 62
25 70
34 11
51 35
6 26
50 45
14 29
70 39
39 51
73 54
47 37
57 15
80 28
68 41
17 60
64 68
1 6
12 17
67 17
53 58
62 18
36 42
80 58
73 64
50 75
3 48
41 69
73 55
81 3
85 86
64 4
67 69
5 10
74 83
19 77
57 7
30 20
15 48
50 24
75 53
33 7
56 34
1 35
45 46
10 87
29 61
49 20
88 12
23 41
25 29
14 48
85 39
82 59
60 53
72 25
40 71
47 88
85 6
83 58
58 42
81 3
49 8
43 12
75 45
88 50
37 22
63 9
7 42
2 84
74 61
44 34
19 37
50 1
34 54
80 55
7 23
41 20
85 32
39 10
59 57
18 63
59 87
14 77
86 74
47 11
88 5
44 65
61 88
38 70
25 27
48 2
80 68
42 13
28 61
53 67
31 71
48 42
23 15
15 48
54 85
15 59
78 61
47 56
70 26
62 80
57 9
36 60
16 45
78 37
88 7
56 43
30 51
35 82
70 76
82 38
12 84
12 79
53 83
15 67
1 27
68 36
6 82
77 51
35 62
33 64
55 34
47 49
47 57
5 69
40 11
15 45
34 16
76 13
0 35
31 44
52 13
76 55
5 28
6 33
12 1
11 63
62 65
88 64
70 30
29 81
60 26
44 82
9 58
64 26
56 6
10 56
83 38
35 61
24 69
70 58
22 44
8 18
10 2
50 80
78 26
79 42
48 78
83 59
80 65
51 83
45 57
27 18
5 45
59 39
55 53
5 88
76 44
31 51
31 22
80 35
32 66
23 44
78 0
67 3
81 59
84 63
87 71
79 61
62 69
49 84
42 2
69 54
46 87
39 43
2 31
20 54
16 20
22 87
28 51
88 16
28 9
45 85
55 87
74 83
43 26
15 50
48 61
39 52
75 77
84 48
0 71
14 79
68 10
46 66
19 30
29 53
36 20
31 46
3 50
71 60
34 69
13 69
21 37
34 30
17 32
23 47
74 0
71 43
42 76
67 7
5 28
31 75
3 44
47 75
11 54
26 3
11 81
47 39
75 83
24 86
63 76
4 69
35 28
86 25
72 10
42 50
65 53
66 54
24 60
17 22
47 18
83 35
72 71
58 56
14 19
77 54
28 54
4 49
66 46
23 76
59 81
41 72
44 68
37 66
54 57
28 9
47 36
47 49
54 4
65 31
64 34
31 70
2 38
32 12
22 25
38 7
71 27
49 77
61 19
64 3
14 6
80 9
65 15
10 86
64 23
56 14
66 61
73 49
65 48
71 40
62 0
87 2
62 13
74 17
28 26
34 18
50 3
22 16
49 1
76 8
74 0
18 49
30 79
8 36
58 46
38 1
43 10
18 72
59 62
88 60
68 6
53 1
84 67
66 88
66 17
74 36
6 50
52 25
24 45
3 28
72 4
83 64
84 76
85 71
36 37
74 34
30 39
21 79
14 33
65 56
59 78
61 12
70 84
74 67
76 5
16 63
14 31
29 80
4 43
69 59
7 16
63 40
18 25
41 70
46 16
66 75
43 82
68 48
33 86
15 22
12 51
40 23
12 19
86 54
43 5
26 83
16 28
63 29
62 22
8 49
1 55
17 13
36 5
67 80
27 66
64 38
70 2
18 25
42 49
37 10
53 6
47 17
5 25
44 17
77 10
88 50
69 85
28 33
65 60
1 78
82 70
87 86
49 86
77 13
74 66
25 73
27 38
48 55
26 53
60 85
62 46
72 86
71 23
78 12
12 86
1 35
17 42
81 85
88 71
81 82
6 13
76 73
76 38
34 25
28 54
58 36
39 52
59 4
62 4
31 5
21 7
73 12
66 54
80 25
32 54
25 5
26 20
17 49
17 14
47 30
38 56
53 38
83 6
85 78
25 76
4 50
31 67
38 27
87 28
4 78
47 86
30 85
42 74
87 16
24 34
59 21
35 56
64 17
79 41
83 32
32 28
71 49
77 52
57 40
12 55
73 40
66 7
24 20
22 74
44 28
52 10
54 32
3 18
34 68
47 50
31 84
22 11
61 36
80 29
50 75
20 55
80 47
69 22
44 83
18 57
9 48
60 42
17 5
53 74
72 17
3 19
46 3
50 36
76 54
31 22
86 12
45 70
63 9
33 29
31 56
11 47
78 75
58 14
67 13
54 25
72 17
44 53
0 14
22 16
1 46
1 48
48 14
30 33
35 53
14 69
35 40
36 10
13 24
35 56
45 53
45 14
87 54
27 61
80 10
34 21
35 77
63 82
25 5
81 31
36 52
55 57
69 13
10 18
73 82
64 39
50 23
30 83
75 18
18 74
86 30
41 45
83 40
8 26
78 43
64 69
18 1
13 33
82 84
16 81
65 6
76 36
67 76
42 11
0 36
35 33
14 2
41 42
3 35
86 77
4 36
86 59
5 24
2 51
14 43
65 62
70 7
50 4
72 55
21 45
61 13
9 50
85 6
19 82
21 85
61 57
25 38
60 27
18 58
32 30
41 80
73 41
25 27
46 33
9 87
70 27
68 12
14 84
3 63
0 35
39 21
77 80
35 50
69 5
83 12
3 23
17 61
65 69
55 52
23 25
85 51
47 81
67 81
80 63
30 43
1 47
52 41
13 7
47 75
10 14
77 82
50 35
76 31
49 61
88 84
84 17
56 63
4 47
4 74
13 35
5 20
7 18
56 1
82 24
46 49
21 58
1 31
48 15
23 60
51 87
76 22
74 73
54 16
84 56
10 77
87 83
83 0
70 52
66 70
23 12
11 23
27 58
70 60
57 52
58 9
9 59
24 42
5 75
12 8
23 55
13 17
81 36
57 44
56 84
47 32
70 71
73 12
27 13
14 82
76 72
7 43
35 83
46 87
35 43
2 59
31 14
75 88
26 9
71 79
7 68
82 52
83 84
48 7
22 32
35 67
51 75
69 52
52 76
41 23
42 26
17 19
43 10
51 44
62 44
59 31
18 82
23 20
51 65
31 16
67 65
36 58
74 72
40 60
66 41
83 10
45 78
36 48
8 7
48 0
21 12
0 75
65 61
80 51
21 78
36 55
45 2
25 7
27 18
46 61
7 36
65 76
17 22
58 17
27 46
82 44
30 78
75 44
44 7
78 37
31 32
10 36
19 13
25 19
5 28
80 24
28 51
49 71
68 16
46 29
8 16
61 35
73 23
59 35
1 39
1 67
70 59
63 81
22 37
48 24
23 9
45 35
30 57
31 34
3 35
58 60
86 11
18 43
22 42
71 70
4 57
2 60
19 62
75 59
74 12
58 12
17 81
5 24
60 83
45 72
21 36
56 26
20 14
52 7
82 33
61 43
77 74
18 59
80 57
24 86
75 35
34 78
84 46
78 15
40 72
75 72
16 52
27 66
33 13
52 30
79 39
0 79
44 72
57 38
5 60
23 33
77 53
51 76
48 12
83 40
1 75
13 49
68 70
82 41
55 5
54 81
22 44
56 6
68 43
50 71
10 9
49 16
78 1
44 84
13 24
21 55
24 80
26 51
0 16
37 24
64 18
88 58
1 0
50 60
79 70
85 45
32 22
8 12
79 77
4 11
5 1
73 13
27 60
79 34
5 39
48 34
88 37
62 26
1 32
17 82
62 43
59 75
72 20
65 44
51 8
10 85
14 28
44 74
6 3
8 14
6 2
72 43
86 33
73 20
43 30
84 72
36 77
24 48
49 15
58 53
69 57
70 73
47 18
55 34
1 68
79 67
53 77
42 13
24 30
14 70
13 38
40 13
7 81
19 63
47 58
62 19
77 37
80 16
30 80
37 12
83 28
82 4
64 18
50 77
2 32
0 38
38 40
36 47
40 24
27 42
83 88
23 86
7 10
83 44
18 41
59 47
67 42
43 14
78 54
13 53
53 85
8 38
70 41
76 36
56 31
2 15
36 48
85 13
12 62
58 84
64 24
50 4
13 39
11 34
42 75
86 65
45 53
37 73
43 57
82 88
64 10
61 80
35 64
72 75
66 56
76 63
27 64
28 41
80 72
22 53
4 79
2 78
59 68
1 33
30 78
82 33
35 72
83 72
38 80
46 12
28 21
84 33
53 35
52 41
14 58
52 0
19 20
22 21
82 8
30 6
0 84
20 28
79 29
59 56
67 56
25 16
73 56
28 68
9 36
43 42
69 62
29 1
12 11
67 1
44 57
53 75
88 77
83 18
8 37
33 79
15 59
27 68
70 34
30 24
64 39
65 2
63 31
76 73
27 24
12 50
79 28
15 32
25 45
76 35
46 5
38 49
6 28
54 39
27 58
28 12
42 54
64 51
64 73
75 82
24 72
31 65
43 62
8 18
14 66
8 70
53 79
56 9
5 18
11 57
2 82
54 22
26 34
29 88
34 5
39 87
82 25
74 69
4 15
5 65
47 46
62 58
70 7
37 66
76 39
73 19
84 22
83 73
1 33
10 30
86 58
86 79
87 71
76 32
48 66
50 70
52 70
70 18
32 25
24 35
78 73
11 74
83 84
87 75
14 68
36 83
74 65
3 84
58 69
78 85
46 29
9 32
17 75
62 51
34 43
6 52
47 40
39 34
43 68
34 84
12 4
88 39
55 35
33 17
79 41
84 3
4 49
83 87
56 70
85 77
66 3
0 16
37 10
5 10
74 80
55 24
81 30
81 80
10 77
63 73
8 14
3 29
40 28
15 3
82 57
25 46
51 34
17 46
27 53
4 86
13 60
45 50
40 63
16 66
48 87
83 30
38 83
86 10
86 7
44 50
65 82
44 26
35 62
45 3
69 9
14 83
33 0
51 12
39 1
68 84
51 13
87 21
45 14
72 61
52 61
16 36
67 3
65 59
34 51
21 62
87 39
36 49
6 71
54 35
38 47
29 17
13 68
11 86
21 8
52 59
36 33
85 52
58 70
76 71
15 27
0 58
5 9
69 34
57 74
43 45
81 49
74 35
60 80
22 31
66 16
33 31
8 34
27 20
44 2
76 24
42 38
53 29
4 5
71 84
27 14
52 79
24 7
17 63
44 62
47 15
13 70
52 55
63 54
19 0
56 70
60 70
36 16
45 63
38 71
18 24
86 23
30 54
23 20
18 75
64 69
79 32
12 80
31 25
25 39
37 64
23 75
70 69
21 2
72 25
86 44
32 76
36 17
81 32
68 79
77 63
63 43
45 35
52 42
85 44
4 48
17 8
21 79
70 24
6 18
86 39
84 55
85 47
46 24
39 48
73 5
25 83
84 34
46 0
6 39
47 70
27 26
24 83
81 32
3 54
40 39
83 44
87 48
11 12
17 76
7 60
70 12
72 14
35 86
27 53
27 80
57 31
79 30
52 33
11 37
68 3
30 18
68 83
70 78
18 4
60 29
73 59
83 21
80 47
3 63
78 77
21 14
76 88
83 60
62 58
79 48
54 46
86 41
0 64
70 81
13 88
20 62
45 27
47 8
35 47
59 47
57 11
85 64
1 86
25 33
39 56
26 72
62 25
26 8
85 31
41 64
83 65
41 4
66 69
51 0
18 46
59 70
87 71
29 27
32 64
8 57
25 60
20 73
79 53
64 58
74 59
55 2
64 71
27 61
56 82
30 71
5 8
68 41
42 3
65 77
64 85
58 0
45 13
74 58
1 8
67 77
56 71
51 74
60 15
67 51
49 26
38 65
45 28
49 48
78 14
79 74
35 34
23 10
76 68
44 63
68 36
59 42
59 46
48 69
18 73
43 25
34 57
15 44
34 69
87 20
79 17
48 73
66 48
54 59
77 17
70 42
69 4
69 55
40 37
67 18
25 58
29 34
64 47
30 53
33 57
81 26
4 16
79 32
36 83
31 10
55 51
24 11
33 44
68 60
4 3
22 0
6 29
36 31
19 77
55 37
17 77
46 58
60 56
1 27
22 11
9 77
12 6
11 24
46 41
77 27
7 32
38 87
82 46
47 37
85 4
54 87
47 62
32 80
43 10
0 16
81 61
41 17
0 13
87 5
8 13
33 81
76 49
2 7
6 34
19 71
30 56
84 58
12 86
67 50
17 23
55 19
86 33
75 66
24 47
64 14
32 9
21 78
76 30
76 41
76 39
30 61
72 29
86 17
62 26
27 38
11 15
18 26
33 31
10 76
62 32
84 54
67 24
0 40
77 59
85 9
86 71
63 72
69 25
66 20
44 8
47 48
19 28
24 16
19 78
44 9
70 72
8 27
81 32
81 73
45 56
44 5
7 21
33 42
22 20
14 85
56 0
78 8
59 70
48 85
55 15
8 33
70 59
60 77
44 66
37 43
84 51
79 20
55 54
25 10
31 45
75 51
29 5
56 76
53 17
30 18
19 86
57 42
42 26
66 88
70 43
75 6
4 63
72 73
9 35
28 3
41 61
48 71
86 9
26 80
24 1
6 29
34 40
51 18
77 39
38 0
75 49
57 20
4 60
72 88
0 28
41 58
32 45
0 10
63 62
35 0
12 3
47 66
59 54
27 60
36 78
19 67
78 2
76 31
80 85
73 66
56 45
43 25
57 1
26 69
40 30
17 15
6 83
38 13
12 87
22 36
2 81
80 19
8 28
57 7
66 41
13 76
29 62
33 5
62 23
82 28
49 39
20 65
15 58
62 72
50 71
5 79
80 70
1 72
74 38
59 4
7 62
14 69
13 30
31 62
5 1
86 65
31 49
84 42
12 58
4 74
15 17
80 23
70 27
71 74
15 63
34 19
20 43
40 44
24 69
73 64
81 37
73 17
25 16
66 65
84 52
61 24
76 13
80 1
71 17
25 88
13 41
38 46
1 17
27 63
3 1
40 87
23 14
23 51
40 13
9 70
9 63
4 3
25 15
38 66
34 67
14 53
11 74
78 56
81 11
20 0
30 42
20 14
87 7
58 57
58 45
7 65
46 20
38 81
33 18
7 17
48 65
54 26
1 70
74 4
42 78
44 46
87 6
13 53
74 11
87 50
87 31
61 18
44 19
34 27
3 54
72 21
21 47
39 69
51 30
83 77
44 43
44 6
4 22
65 61
69 15
8 75
79 8
85 67
11 35
65 25
47 66
67 14
19 70
77 46
67 63
73 62
59 75
13 74
84 72
43 29
39 59
38 56
19 21
0 84
56 30
71 8
51 45
47 15
36 8
82 57
31 76
43 23
52 9
87 24
5 85
87 65
27 75
68 63
26 37
77 67
10 8
22 60
46 54
50 44
29 44
1 29
87 26
32 16
62 78
30 59
4 63
48 87
67 55
12 75
48 67
52 9
32 9
37 49
28 2
37 76
56 22
53 82
53 46
79 70
72 50
23 86
20 77
76 65
86 67
9 13
73 2
86 26
51 71
13 55
45 73
78 37
48 6
25 62
77 9
87 38
30 70
1 42
56 5
21 42
0 47
68 39
74 81
76 68
27 28
71 55
34 61
32 22
48 81
36 81
38 53
72 39
68 2
87 66
28 71
5 41
74 11
40 20
15 8
64 60
1 77
79 51
9 1
44 78
7 44
73 12
61 5
64 23
59 74
25 36
0 75
82 75
77 41
48 69
30 75
65 21
63 23
39 77
79 33
52 36
14 3
73 10
3 69
34 28
59 28
69 4
14 37
47 76
29 16
53 16
1 2
5 59
21 33
55 53
53 17
81 34
83 52
0 6
19 61
16 61
3 75
45 66
57 19
12 19
57 43
4 7
67 8
29 88
21 3
71 77
36 37
87 83
35 54
26 66
54 71
64 35
50 54
68 50
31 69
32 68
12 5
51 21
23 82
32 3
32 66
49 15
9 54
79 78
75 28
49 16
13 20
15 75
27 63
72 10
3 5
61 21
63 68
64 48
64 46
29 86
16 87
43 38
74 41
18 40
45 40
52 65
18 21
76 42
64 48
58 73
14 1
68 62
6 37
67 32
80 56
14 21
75 81
52 30
50 66
40 24
32 37
9 37
38 88
0 39
60 19
3 19
74 64
34 12
58 28
12 41
84 49
25 77
72 56
60 62
45 78
61 22
24 48
57 61
52 42
68 27
24 40
40 86
61 86
19 40
19 72
61 15
86 88
5 15
56 58
73 60
21 66
13 64
8 4
54 53
26 1
64 55
68 56
48 85
84 16
78 50
71 79
41 43
34 10
72 4
20 36
58 52
73 42
52 51
34 33
23 11
24 4
44 5
34 67
27 52
28 42
24 32
3 53
16 17
54 61
26 48
63 79
67 26
6 27
60 87
81 74
76 65
31 15
26 87
30 10
29 28
42 50
57 79
55 77
52 69
42 83
45 43
26 48
28 88
51 58
86 61
37 11
64 68
19 28
80 25
74 15
41 73
57 16
67 54
8 61
68 82
32 62
15 53
14 18
32 2
26 31
1 28
2 33
17 56
66 26
1 63
28 14
12 64
48 31
52 75
58 46
66 61
74 5
56 48
4 26
56 28
25 52
6 60
54 61
15 26
38 42
3 35
15 19
49 26
6 22
33 12
1 40
58 78
82 54
64 57
52 76
4 2
63 72
52 34
85 34
76 31
25 69
69 67
39 72
16 33
41 58
59 55
62 87
54 73
75 65
78 30
82 49
75 67
35 73
61 86
38 75
74 36
31 25
51 8
51 45
22 35
81 17
57 36
82 53
68 12
86 81
54 80
59 57
83 50
4 60
22 51
76 83
66 72
22 0
18 47
80 64
25 34
21 83
51 31
24 63
68 62
71 14
14 83
53 80
2 81
63 23
8 45
63 53
2 73
70 75
56 53
79 43
62 56
34 27
42 48
25 44
8 32
28 15
62 73
32 58
39 40
8 7
58 82
81 31
19 11
77 51
63 81
67 69
71 3
60 10
10 58
23 38
40 5
27 77
10 70
32 7
48 36
70 88
77 39
75 12
58 54
54 26
87 73
56 39
36 18
15 81
45 22
60 27
80 75
45 60
19 61
48 70
20 81
67 51
41 80
21 33
34 24
69 84
71 15
55 57
0 64
29 88
53 0
4 81
40 1
44 42
85 22
85 82
59 74
51 16
81 54
68 56
18 65
2 9
18 7
52 2
59 39
48 15
62 26
80 53
57 60
64 30
17 57
4 53
1 56
4 14
79 42
88 4
